0,0
1,1
2,0
3,0
4,0
5,0
6,0
7,0
8,0
9,0
10,0
11,0
12,0
13,0
14,0
15,0
16,0
17,0
18,0
19,0
20,0
21,0
22,0
23,0
24,0
25,0
26,0
27,0
28,0
29,0
30,0
31,0
32,0
33,0
34,0
35,0
36,0
37,0
38,0
39,0
40,0
41,0
42,0
43,0
44,0
45,0
46,0
47,0
48,0
49,0
50,0
51,0
52,0
53,0
54,0
55,0
56,0
57,0
58,0
59,1
60,0
61,0
62,0
63,0
64,0
65,0
66,0
67,0
68,1
69,0
70,1
71,0
72,0
73,0
74,0
75,0
76,0
77,0
78,0
79,1
80,0
81,0
82,0
83,0
84,0
85,0
86,0
87,0
88,0
89,0
90,0
91,0
92,0
93,0
94,1
95,0
96,0
97,0
98,0
99,0
100,0
101,0
102,0
103,0
104,0
105,0
106,1
107,0
108,0
109,0
110,0
111,0
112,0
113,0
114,0
115,0
116,1
117,0
118,0
119,1
120,0
121,1
122,0
123,0
124,0
125,0
126,0
127,0
128,0
129,0
130,1
131,0
132,0
133,0
134,0
135,0
136,0
137,0
138,0
139,0
140,0
141,0
142,0
143,0
144,0
145,0
146,0
147,0
148,0
149,0
150,0
151,1
152,1
153,0
154,1
155,0
156,0
157,0
158,0
159,0
160,0
161,1
162,0
163,0
164,0
165,0
166,1
167,0
168,0
169,0
170,0
171,0
172,0
173,0
174,0
175,0
176,0
177,0
178,0
179,0
180,0
181,0
182,0
183,1
184,0
185,0
186,0
187,0
188,0
189,1
190,0
191,0
192,0
193,0
194,0
195,0
196,1
197,0
198,0
199,0
200,0
201,0
202,1
203,0
204,1
205,1
206,0
207,0
208,0
209,1
210,0
211,0
212,0
213,0
214,0
215,2
216,0
217,0
218,0
219,0
220,0
221,0
222,0
223,0
224,0
225,0
226,0
227,0
228,0
229,0
230,1
231,0
232,0
233,0
234,0
235,0
236,0
237,1
238,0
239,0
240,0
241,0
242,1
243,1
244,1
245,0
246,0
247,0
248,0
249,0
250,0
251,1
252,0
253,0
254,0
255,0
256,1
257,0
258,0
259,1
260,1
261,0
262,0
263,1
264,0
265,1
266,0
267,1
268,0
269,0
270,0
271,0
272,0
273,0
274,1
275,0
276,0
277,0
278,0
279,0
280,0
281,0
282,0
283,0
284,0
285,0
286,0
287,0
288,0
289,1
290,0
291,0
292,0
293,2
294,0
295,0
296,0
297,0
298,0
299,1
300,0
301,0
302,0
303,0
304,1
305,0
306,0
307,0
308,0
309,1
310,0
311,1
312,0
313,1
314,0
315,1
316,0
317,0
318,0
319,0
320,1
321,1
322,0
323,0
324,0
325,1
326,1
327,1
328,0
329,0
330,0
331,0
332,0
333,0
334,1
335,0
336,0
337,1
338,0
339,1
340,0
341,0
342,1
343,0
344,0
345,1
346,0
347,1
348,0
349,2
350,0
351,1
352,0
353,0
354,0
355,0
356,0
357,0
358,0
359,0
360,0
361,0
362,0
363,0
364,2
365,2
366,0
367,0
368,0
369,0
370,2
371,0
372,0
373,0
374,0
375,0
376,0
377,1
378,0
379,2
380,0
381,1
382,0
383,0
384,0
385,1
386,1
387,0
388,0
389,1
390,0
391,0
392,0
393,0
394,1
395,0
396,0
397,0
398,0
399,1
400,0
401,0
402,0
403,0
404,0
405,1
406,0
407,0
408,0
409,0
410,0
411,1
412,0
413,1
414,0
415,0
416,0
417,1
418,0
419,0
420,0
421,0
422,1
423,0
424,0
425,1
426,2
427,2
428,0
429,0
430,0
431,0
432,0
433,0
434,0
435,0
436,1
437,0
438,0
439,0
440,2
441,0
442,0
443,1
444,2
445,0
446,0
447,0
448,0
449,0
450,1
451,0
452,0
453,1
454,3
455,2
456,0
457,0
458,0
459,3
460,0
461,0
462,0
463,1
464,0
465,0
466,0
467,1
468,0
469,0
470,1
471,2
472,0
473,0
474,0
475,0
476,3
477,0
478,1
479,0
480,0
481,0
482,0
483,1
484,0
485,0
486,0
487,1
488,0
489,0
490,0
491,2
492,0
493,0
494,0
495,3
496,0
497,0
498,6
499,0
500,0
501,0
502,0
503,0
504,0
505,0
506,0
507,0
508,0
509,3
510,0
511,0
512,2
513,0
514,1
515,0
516,0
517,2
518,1
519,1
520,1
521,0
522,2
523,0
524,0
525,0
526,2
527,0
528,1
529,0
530,0
531,2
532,0
533,0
534,1
535,1
536,0
537,1
538,1
539,0
540,0
541,0
542,0
543,2
544,0
545,0
546,0
547,0
548,0
549,0
550,0
551,0
552,0
553,0
554,0
555,0
556,0
557,1
558,0
559,0
560,0
561,0
562,1
563,0
564,0
565,1
566,0
567,0
568,0
569,2
570,1
571,0
572,1
573,1
574,0
575,2
576,0
577,0
578,0
579,0
580,1
581,0
582,1
583,0
584,2
585,0
586,1
587,0
588,0
589,0
590,1
591,0
592,1
593,1
594,1
595,0
596,1
597,0
598,0
599,0
600,3
601,4
602,0
603,0
604,0
605,2
606,2
607,4
608,0
609,0
610,0
611,0
612,0
613,1
614,0
615,0
616,0
617,1
618,0
619,0
620,0
621,0
622,2
623,0
624,0
625,0
626,0
627,0
628,0
629,0
630,2
631,0
632,0
633,1
634,1
635,0
636,1
637,0
638,1
639,2
640,3
641,0
642,0
643,0
644,0
645,0
646,3
647,0
648,1
649,2
650,0
651,0
652,0
653,0
654,2
655,0
656,0
657,3
658,0
659,1
660,3
661,0
662,1
663,0
664,0
665,0
666,0
667,0
668,1
669,0
670,0
671,0
672,0
673,0
674,0
675,0
676,0
677,0
678,0
679,0
680,0
681,1
682,0
683,0
684,0
685,0
686,2
687,2
688,2
689,2
690,0
691,0
692,0
693,0
694,3
695,0
696,1
697,0
698,1
699,0
700,0
701,0
702,0
703,1
704,0
705,0
706,0
707,0
708,0
709,2
710,0
711,1
712,0
713,0
714,2
715,0
716,0
717,1
718,0
719,0
720,0
721,1
722,0
723,0
724,1
725,0
726,2
727,0
728,0
729,1
730,0
731,2
732,0
733,0
734,0
735,2
736,0
737,0
738,2
739,0
740,0
741,2
742,5
743,1
744,1
745,0
746,1
747,2
748,0
749,0
750,0
751,0
752,2
753,1
754,0
755,0
756,0
757,1
758,1
759,0
760,2
761,0
762,0
763,0
764,0
765,0
766,0
767,0
768,1
769,0
770,1
771,2
772,3
773,0
774,0
775,0
776,0
777,1
778,1
779,3
780,2
781,0
782,1
783,0
784,0
785,0
786,0
787,0
788,0
789,1
790,0
791,0
792,0
793,0
794,0
795,4
796,0
797,0
798,0
799,0
800,0
801,0
802,0
803,1
804,0
805,0
806,1
807,2
808,3
809,2
810,0
811,0
812,0
813,1
814,0
815,0
816,0
817,0
818,0
819,0
820,2
821,1
822,0
823,1
824,4
825,0
826,0
827,0
828,2
829,0
830,0
831,2
832,0
833,0
834,0
835,0
836,0
837,0
838,1
839,0
840,3
841,0
842,0
843,0
844,0
845,0
846,0
847,0
848,1
849,3
850,2
851,0
852,1
853,0
854,0
855,0
856,0
857,0
858,0
859,0
860,1
861,0
862,0
863,0
864,0
865,0
866,3
867,3
868,2
869,2
870,0
871,3
872,2
873,0
874,0
875,0
876,0
877,3
878,0
879,0
880,0
881,0
882,0
883,0
884,3
885,0
886,2
887,4
888,2
889,0
890,0
891,2
892,0
893,0
894,0
895,0
896,5
897,1
898,3
899,0
900,0
901,0
902,5
903,0
904,0
905,2
906,0
907,0
908,0
909,0
910,3
911,3
912,3
913,0
914,0
915,3
916,0
917,0
918,0
919,0
920,0
921,0
922,3
923,0
924,0
925,3
926,0
927,0
928,0
929,1
930,0
931,0
932,0
933,3
934,0
935,0
936,1
937,0
938,0
939,1
940,0
941,0
942,0
943,1
944,1
945,0
946,1
947,0
948,5
949,0
950,0
951,0
952,2
953,0
954,1
955,0
956,1
957,3
958,0
959,0
960,3
961,3
962,0
963,0
964,0
965,0
966,0
967,0
968,0
969,0
970,0
971,0
972,1
973,4
974,0
975,0
976,0
977,1
978,0
979,0
980,2
981,0
982,0
983,0
984,1
985,0
986,3
987,0
988,5
989,3
990,0
991,0
992,1
993,0
994,3
995,2
996,0
997,0
998,0
999,0
1000,4
1001,0
1002,2
1003,3
1004,0
1005,0
1006,0
1007,0
1008,0
1009,1
1010,1
1011,0
1012,3
1013,1
1014,0
1015,0
1016,0
1017,0
1018,0
1019,0
1020,2
1021,0
1022,0
1023,0
1024,2
1025,4
1026,2
1027,0
1028,6
1029,0
1030,0
1031,0
1032,0
1033,0
1034,12
1035,0
1036,1
1037,0
1038,0
1039,0
1040,0
1041,0
1042,0
1043,0
1044,0
1045,0
1046,0
1047,0
1048,0
1049,0
1050,0
1051,0
1052,0
1053,0
1054,5
1055,0
1056,0
1057,0
1058,0
1059,0
1060,0
1061,0
1062,0
1063,0
1064,0
1065,0
1066,0
1067,0
1068,0
1069,1
1070,0
1071,0
1072,0
1073,0
1074,0
1075,0
1076,0
1077,0
1078,0
1079,0
1080,1
1081,0
1082,0
1083,0
1084,0
1085,0
1086,0
1087,0
1088,4
1089,0
1090,1
1091,0
1092,1
1093,0
1094,0
1095,0
1096,2
1097,0
1098,0
1099,0
1100,0
1101,2
1102,1
1103,0
1104,0
1105,4
1106,1
1107,1
1108,0
1109,0
1110,0
1111,0
1112,0
1113,2
1114,0
1115,0
1116,0
1117,0
1118,0
1119,0
1120,0
1121,0
1122,1
1123,0
1124,0
1125,0
1126,0
1127,4
1128,0
1129,4
1130,0
1131,0
1132,0
1133,0
1134,0
1135,0
1136,0
1137,0
1138,0
1139,0
1140,0
1141,0
1142,1
1143,1
1144,0
1145,0
1146,0
1147,0
1148,4
1149,4
1150,0
1151,0
1152,3
1153,0
1154,0
1155,0
1156,0
1157,0
1158,4
1159,0
1160,0
1161,3
1162,0
1163,1
1164,0
1165,0
1166,0
1167,2
1168,2
1169,0
1170,3
1171,1
1172,6
1173,0
1174,0
1175,0
1176,0
1177,3
1178,0
1179,0
1180,1
1181,0
1182,1
1183,0
1184,3
1185,0
1186,2
1187,5
1188,1
1189,0
1190,0
1191,0
1192,2
1193,0
1194,0
1195,0
1196,3
1197,6
1198,0
1199,0
1200,2
1201,0
1202,3
1203,0
1204,0
1205,0
1206,0
1207,0
1208,1
1209,3
1210,7
1211,2
1212,0
1213,0
1214,3
1215,0
1216,0
1217,0
1218,0
1219,0
1220,0
1221,2
1222,0
1223,0
1224,2
1225,3
1226,1
1227,0
1228,0
1229,2
1230,0
1231,0
1232,0
1233,0
1234,0
1235,0
1236,0
1237,6
1238,0
1239,0
1240,0
1241,2
1242,0
1243,0
1244,4
1245,4
1246,0
1247,1
1248,0
1249,0
1250,0
1251,3
1252,0
1253,0
1254,0
1255,0
1256,0
1257,0
1258,8
1259,0
1260,0
1261,4
1262,2
1263,10
1264,0
1265,8
1266,0
1267,0
1268,2
1269,0
1270,0
1271,0
1272,4
1273,0
1274,0
1275,0
1276,2
1277,3
1278,0
1279,1
1280,4
1281,0
1282,0
1283,0
1284,2
1285,0
1286,2
1287,0
1288,3
1289,3
1290,0
1291,0
1292,7
1293,1
1294,0
1295,0
1296,0
1297,0
1298,0
1299,2
1300,0
1301,9
1302,0
1303,0
1304,0
1305,4
1306,0
1307,0
1308,3
1309,0
1310,0
1311,1
1312,0
1313,6
1314,0
1315,0
1316,0
1317,0
1318,0
1319,6
1320,3
1321,0
1322,10
1323,7
1324,0
1325,2
1326,0
1327,0
1328,6
1329,0
1330,0
1331,0
1332,0
1333,0
1334,0
1335,3
1336,0
1337,0
1338,0
1339,0
1340,0
1341,0
1342,5
1343,0
1344,0
1345,4
1346,0
1347,0
1348,5
1349,0
1350,0
1351,1
1352,1
1353,0
1354,5
1355,4
1356,0
1357,0
1358,0
1359,4
1360,0
1361,0
1362,0
1363,0
1364,0
1365,3
1366,0
1367,3
1368,0
1369,0
1370,3
1371,0
1372,3
1373,6
1374,0
1375,0
1376,5
1377,0
1378,0
1379,2
1380,0
1381,0
1382,0
1383,2
1384,0
1385,3
1386,0
1387,0
1388,0
1389,4
1390,5
1391,4
1392,8
1393,0
1394,3
1395,0
1396,0
1397,0
1398,1
1399,0
1400,0
1401,19
1402,8
1403,4
1404,4
1405,0
1406,0
1407,0
1408,0
1409,4
1410,0
1411,2
1412,0
1413,8
1414,2
1415,0
1416,2
1417,0
1418,0
1419,0
1420,6
1421,10
1422,0
1423,0
1424,1
1425,3
1426,0
1427,1
1428,4
1429,2
1430,0
1431,0
1432,8
1433,2
1434,0
1435,0
1436,0
1437,0
1438,0
1439,0
1440,0
1441,0
1442,0
1443,0
1444,0
1445,0
1446,7
1447,2
1448,0
1449,6
1450,0
1451,0
1452,0
1453,17
1454,0
1455,0
1456,5
1457,7
1458,0
1459,0
1460,4
1461,3
1462,0
1463,0
1464,2
1465,0
1466,0
1467,8
1468,0
1469,0
1470,0
1471,1
1472,2
1473,0
1474,2
1475,0
1476,8
1477,0
1478,0
1479,0
1480,0
1481,0
1482,7
1483,3
1484,0
1485,0
1486,0
1487,0
1488,0
1489,4
1490,3
1491,5
1492,0
1493,0
1494,0
1495,0
1496,5
1497,0
1498,4
1499,0
1500,0
1501,3
1502,3
1503,4
1504,3
1505,3
1506,1
1507,0
1508,5
1509,2
1510,3
1511,5
1512,3
1513,1
1514,1
1515,0
1516,6
1517,11
1518,7
1519,0
1520,0
1521,0
1522,0
1523,4
1524,0
1525,6
1526,0
1527,8
1528,5
1529,0
1530,1
1531,2
1532,0
1533,0
1534,6
1535,0
1536,1
1537,0
1538,7
1539,0
1540,3
1541,0
1542,3
1543,0
1544,0
1545,3
1546,14
1547,0
1548,3
1549,6
1550,6
1551,4
1552,5
1553,6
1554,22
1555,0
1556,0
1557,6
1558,2
1559,0
1560,0
1561,0
1562,0
1563,0
1564,0
1565,0
1566,0
1567,3
1568,0
1569,0
1570,0
1571,0
1572,2
1573,10
1574,0
1575,0
1576,0
1577,3
1578,0
1579,0
1580,5
1581,7
1582,5
1583,15
1584,18
1585,0
1586,2
1587,0
1588,0
1589,0
1590,0
1591,4
1592,0
1593,0
1594,0
1595,0
1596,4
1597,8
1598,1
1599,10
1600,0
1601,0
1602,0
1603,8
1604,0
1605,0
1606,4
1607,0
1608,0
1609,0
1610,4
1611,12
1612,0
1613,0
1614,0
1615,13
1616,5
1617,11
1618,0
1619,0
1620,0
1621,0
1622,0
1623,0
1624,8
1625,0
1626,3
1627,0
1628,5
1629,0
1630,0
1631,0
1632,0
1633,0
1634,10
1635,13
1636,4
1637,0
1638,0
1639,0
1640,0
1641,1
1642,0
1643,0
1644,0
1645,0
1646,0
1647,0
1648,3
1649,7
1650,1
1651,5
1652,0
1653,0
1654,0
1655,3
1656,0
1657,0
1658,17
1659,13
1660,5
1661,0
1662,2
1663,7
1664,4
1665,3
1666,5
1667,0
1668,0
1669,8
1670,0
1671,0
1672,2
1673,44
1674,3
1675,5
1676,0
1677,4
1678,9
1679,0
1680,0
1681,9
1682,3
1683,4
1684,1
1685,4
1686,0
1687,0
1688,0
1689,0
1690,0
1691,8
1692,0
1693,3
1694,0
1695,0
1696,0
1697,2
1698,0
1699,0
1700,3
1701,4
1702,0
1703,1
1704,0
1705,1
1706,0
1707,0
1708,1
1709,0
1710,0
1711,0
1712,0
1713,6
1714,2
1715,3
1716,6
1717,0
1718,1
1719,21
1720,0
1721,0
1722,1
1723,7
1724,0
1725,8
1726,4
1727,0
1728,2
1729,8
1730,8
1731,3
1732,2
1733,2
1734,0
1735,48
1736,8
1737,2
1738,0
1739,0
1740,0
1741,21
1742,0
1743,2
1744,0
1745,9
1746,0
1747,0
1748,5
1749,0
1750,0
1751,0
1752,0
1753,13
1754,0
1755,38
1756,3
1757,0
1758,1
1759,0
1760,5
1761,0
1762,0
1763,14
1764,2
1765,0
1766,0
1767,0
1768,13
1769,0
1770,2
1771,5
1772,25
1773,22
1774,11
1775,0
1776,0
1777,17
1778,7
1779,0
1780,0
1781,7
1782,0
1783,0
1784,0
1785,2
1786,0
1787,5
1788,5
1789,0
1790,8
1791,6
1792,0
1793,11
1794,3
1795,17
1796,6
1797,0
1798,26
1799,4
1800,11
1801,0
1802,5
1803,21
1804,4
1805,0
1806,8
1807,5
1808,0
1809,4
1810,0
1811,0
1812,12
1813,4
1814,0
1815,10
1816,0
1817,7
1818,4
1819,28
1820,4
1821,0
1822,13
1823,9
1824,1
1825,0
1826,15
1827,3
1828,19
1829,1
1830,10
1831,0
1832,0
1833,8
1834,4
1835,16
1836,0
1837,2
1838,15
1839,0
1840,7
1841,1
1842,0
1843,0
1844,1
1845,3
1846,0
1847,0
1848,0
1849,12
1850,16
1851,6
1852,6
1853,5
1854,6
1855,17
1856,2
1857,0
1858,0
1859,16
1860,7
1861,0
1862,2
1863,0
1864,16
1865,0
1866,11
1867,0
1868,5
1869,8
1870,25
1871,0
1872,0
1873,0
1874,14
1875,5
1876,0
1877,25
1878,6
1879,0
1880,2
1881,8
1882,0
1883,0
1884,0
1885,0
1886,0
1887,22
1888,15
1889,0
1890,12
1891,3
1892,38
1893,6
1894,0
1895,16
1896,0
1897,0
1898,0
1899,0
1900,4
1901,0
1902,0
1903,0
1904,0
1905,5
1906,12
1907,0
1908,0
1909,5
1910,0
1911,0
1912,0
1913,0
1914,0
1915,0
1916,13
1917,2
1918,0
1919,22
1920,32
1921,0
1922,0
1923,0
1924,21
1925,0
1926,0
1927,0
1928,11
1929,0
1930,2
1931,0
1932,0
1933,7
1934,1
1935,7
1936,0
1937,0
1938,25
1939,39
1940,0
1941,5
1942,47
1943,0
1944,0
1945,0
1946,0
1947,0
1948,17
1949,0
1950,9
1951,0
1952,38
1953,27
1954,0
1955,4
1956,10
1957,0
1958,27
1959,0
1960,5
1961,19
1962,29
1963,0
1964,28
1965,66
1966,0
1967,2
1968,14
1969,30
1970,0
1971,0
1972,8
1973,1
1974,8
1975,32
1976,0
1977,5
1978,23
1979,31
1980,0
1981,0
1982,0
1983,0
1984,2
1985,0
1986,0
1987,9
1988,25
1989,19
1990,19
1991,1
1992,1
1993,2
1994,1
1995,17
1996,27
1997,15
1998,35
1999,14
2000,0
2001,32
2002,7
2003,3
2004,0
2005,61
2006,4
2007,7
2008,5
2009,0
2010,0
2011,2
2012,8
2013,17
2014,56
2015,0
2016,0
2017,0
2018,0
2019,29
2020,0
2021,3
2022,0
2023,5
2024,0
2025,0
2026,9
2027,22
2028,8
2029,0
2030,0
2031,0
2032,17
2033,14
2034,25
2035,25
2036,0
2037,0
2038,0
2039,1
2040,7
2041,14
2042,7
2043,0
2044,16
2045,34
2046,18
2047,9
2048,6
2049,2
2050,3
2051,0
2052,3
2053,0
2054,21
2055,15
2056,14
2057,19
2058,0
2059,6
2060,13
2061,0
2062,0
2063,4
2064,0
2065,0
2066,12
2067,11
2068,0
2069,2
2070,0
2071,0
2072,10
2073,0
2074,11
2075,0
2076,25
2077,5
2078,0
2079,0
2080,13
2081,2
2082,21
2083,18
2084,0
2085,0
2086,36
2087,11
2088,0
2089,0
2090,29
2091,7
2092,0
2093,3
2094,0
2095,22
2096,0
2097,15
2098,7
2099,0
2100,0
2101,0
2102,15
2103,59
2104,9
2105,2
2106,0
2107,0
2108,26
2109,28
2110,14
2111,23
2112,6
2113,0
2114,0
2115,1
2116,9
2117,16
2118,9
2119,0
2120,4
2121,18
2122,0
2123,14
2124,10
2125,37
2126,16
2127,17
2128,16
2129,73
2130,4
2131,0
2132,0
2133,22
2134,0
2135,0
2136,30
2137,31
2138,37
2139,28
2140,3
2141,8
2142,0
2143,13
2144,0
2145,2
2146,0
2147,0
2148,0
2149,8
2150,0
2151,25
2152,5
2153,39
2154,18
2155,0
2156,57
2157,0
2158,10
2159,1
2160,53
2161,7
2162,0
2163,22
2164,0
2165,26
2166,0
2167,9
2168,0
2169,7
2170,49
2171,24
2172,14
2173,0
2174,1
2175,0
2176,9
2177,27
2178,31
2179,7
2180,0
2181,0
2182,23
2183,11
2184,28
2185,2
2186,1
2187,0
2188,0
2189,5
2190,0
2191,43
2192,10
2193,0
2194,16
2195,5
2196,10
2197,8
2198,0
2199,15
2200,37
2201,6
2202,0
2203,26
2204,33
2205,31
2206,8
2207,0
2208,0
2209,1
2210,15
2211,8
2212,26
2213,5
2214,43
2215,40
2216,17
2217,0
2218,39
2219,13
2220,10
2221,0
2222,0
2223,13
2224,0
2225,0
2226,0
2227,1
2228,7
2229,0
2230,3
2231,62
2232,5
2233,12
2234,1
2235,33
2236,0
2237,0
2238,0
2239,18
2240,54
2241,18
2242,1
2243,30
2244,0
2245,4
2246,42
2247,8
2248,8
2249,34
2250,0
2251,9
2252,22
2253,32
2254,0
2255,0
2256,10
2257,0
2258,1
2259,9
2260,10
2261,25
2262,0
2263,0
2264,0
2265,40
2266,41
2267,38
2268,15
2269,25
2270,18
2271,5
2272,25
2273,7
2274,1
2275,9
2276,9
2277,15
2278,0
2279,7
2280,0
2281,7
2282,6
2283,0
2284,53
2285,0
2286,124
2287,3
2288,0
2289,48
2290,22
2291,54
2292,26
2293,38
2294,12
2295,16
2296,1
2297,2
2298,9
2299,0
2300,3
2301,14
2302,0
2303,0
2304,0
2305,54
2306,19
2307,45
2308,51
2309,0
2310,10
2311,7
2312,12
2313,0
2314,9
2315,0
2316,0
2317,0
2318,7
2319,3
2320,9
2321,0
2322,0
2323,12
2324,0
2325,52
2326,9
2327,8
2328,23
2329,12
2330,0
2331,0
2332,0
2333,10
2334,19
2335,14
2336,41
2337,2
2338,0
2339,0
2340,0
2341,0
2342,48
2343,26
2344,54
2345,1
2346,32
2347,4
2348,22
2349,0
2350,35
2351,30
2352,0
2353,2
2354,37
2355,63
2356,10
2357,0
2358,3
2359,17
2360,70
2361,17
2362,0
2363,12
2364,0
2365,7
2366,14
2367,10
2368,0
2369,41
2370,43
2371,16
2372,17
2373,14
2374,44
2375,6
2376,55
2377,31
2378,18
2379,104
2380,24
2381,42
2382,57
2383,9
2384,0
2385,11
2386,112
2387,2
2388,0
2389,0
2390,0
2391,16
2392,36
2393,9
2394,7
2395,25
2396,1
2397,32
2398,9
2399,66
2400,0
2401,1
2402,0
2403,7
2404,54
2405,24
2406,18
2407,51
2408,0
2409,0
2410,0
2411,40
2412,33
2413,15
2414,7
2415,8
2416,0
2417,7
2418,41
2419,0
2420,23
2421,0
2422,20
2423,11
2424,34
2425,1
2426,1
2427,0
2428,19
2429,49
2430,42
2431,46
2432,76
2433,0
2434,0
2435,19
2436,32
2437,21
2438,23
2439,0
2440,21
2441,0
2442,0
2443,0
2444,0
2445,28
2446,25
2447,65
2448,14
2449,59
2450,64
2451,29
2452,14
2453,0
2454,39
2455,67
2456,10
2457,28
2458,3
2459,46
2460,3
2461,3
2462,14
2463,13
2464,10
2465,0
2466,9
2467,0
2468,14
2469,0
2470,9
2471,47
2472,0
2473,0
2474,0
2475,0
2476,4
2477,20
2478,28
2479,11
2480,0
2481,45
2482,15
2483,3
2484,0
2485,5
2486,18
2487,16
2488,51
2489,36
2490,7
2491,33
2492,6
2493,41
2494,1
2495,0
2496,4
2497,0
2498,1
2499,13
2500,28
2501,2
2502,0
2503,15
2504,55
2505,0
2506,14
2507,8
2508,18
2509,59
2510,20
2511,3
2512,7
2513,0
2514,6
2515,21
2516,0
2517,0
2518,3
2519,39
2520,0
2521,0
2522,13
2523,0
2524,0
2525,85
2526,10
2527,40
2528,31
2529,26
2530,2
2531,12
2532,20
2533,0
2534,16
2535,13
2536,5
2537,51
2538,59
2539,24
2540,0
2541,0
2542,29
2543,2
2544,23
2545,53
2546,38
2547,2
2548,0
2549,11
2550,0
2551,49
2552,23
2553,0
2554,38
2555,52
2556,32
2557,8
2558,52
2559,26
2560,11
2561,0
2562,0
2563,55
2564,21
2565,3
2566,21
2567,4
2568,26
2569,16
2570,0
2571,14
2572,7
2573,1
2574,0
2575,81
2576,43
2577,16
2578,21
2579,19
2580,53
2581,35
2582,59
2583,3
2584,82
2585,29
2586,0
2587,31
2588,0
2589,40
2590,0
2591,19
2592,41
2593,0
2594,23
2595,54
2596,2
2597,20
2598,8
2599,11
2600,12
2601,66
2602,5
2603,54
2604,35
2605,21
2606,0
2607,6
2608,25
2609,3
2610,0
2611,10
2612,51
2613,61
2614,0
2615,0
2616,62
2617,2
2618,22
2619,27
2620,22
2621,82
2622,18
2623,39
2624,0
2625,50
2626,33
2627,159
2628,2
2629,3
2630,40
2631,25
2632,71
2633,9
2634,49
2635,46
2636,20
2637,22
2638,37
2639,10
2640,135
2641,0
2642,20
2643,21
2644,0
2645,45
2646,0
2647,10
2648,37
2649,13
2650,81
2651,41
2652,0
2653,21
2654,73
2655,8
2656,81
2657,22
2658,23
2659,45
2660,1
2661,3
2662,31
2663,3
2664,5
2665,5
2666,1
2667,31
2668,43
2669,19
2670,15
2671,3
2672,3
2673,18
2674,0
2675,1
2676,76
2677,30
2678,21
2679,6
2680,11
2681,0
2682,21
2683,39
2684,48
2685,49
2686,7
2687,45
2688,8
2689,13
2690,20
2691,15
2692,16
2693,1
2694,16
2695,1
2696,98
2697,39
2698,15
2699,15
2700,7
2701,18
2702,38
2703,8
2704,33
2705,19
2706,39
2707,16
2708,0
2709,20
2710,6
2711,4
2712,51
2713,1
2714,21
2715,9
2716,46
2717,80
2718,9
2719,31
2720,0
2721,15
2722,11
2723,47
2724,7
2725,13
2726,4
2727,0
2728,0
2729,42
2730,0
2731,5
2732,75
2733,0
2734,3
2735,8
2736,37
2737,7
2738,0
2739,2
2740,89
2741,1
2742,0
2743,0
2744,68
2745,44
2746,52
2747,11
2748,75
2749,11
2750,35
2751,11
2752,41
2753,15
2754,3
2755,1
2756,27
2757,16
2758,1
2759,43
2760,3
2761,33
2762,23
2763,12
2764,19
2765,61
2766,0
2767,15
2768,1
2769,0
2770,8
2771,40
2772,33
2773,0
2774,0
2775,0
2776,3
2777,0
2778,0
2779,0
2780,0
2781,15
2782,7
2783,88
2784,13
2785,1
2786,23
2787,28
2788,31
2789,12
2790,12
2791,47
2792,7
2793,9
2794,8
2795,17
2796,9
2797,17
2798,0
2799,12
2800,17
2801,2
2802,18
2803,5
2804,18
2805,0
2806,0
2807,6
2808,12
2809,9
2810,0
2811,30
2812,3
2813,16
2814,25
2815,16
2816,20
2817,14
2818,7
2819,23
2820,75
2821,2
2822,0
2823,3
2824,30
2825,64
2826,3
2827,7
2828,0
2829,3
2830,81
2831,56
2832,8
2833,23
2834,26
2835,64
2836,52
2837,47
2838,26
2839,0
2840,0
2841,0
2842,20
2843,27
2844,9
2845,15
2846,7
2847,23
2848,0
2849,8
2850,6
2851,0
2852,22
2853,15
2854,34
2855,1
2856,39
2857,32
2858,17
2859,0
2860,6
2861,0
2862,25
2863,40
2864,47
2865,17
2866,18
2867,17
2868,45
2869,2
2870,1
2871,15
2872,7
2873,25
2874,5
2875,43
2876,3
2877,59
2878,12
2879,13
2880,53
2881,1
2882,72
2883,20
2884,0
2885,0
2886,111
2887,33
2888,96
2889,71
2890,33
2891,52
2892,35
2893,0
2894,1
2895,1
2896,37
2897,22
2898,45
2899,11
2900,45
2901,40
2902,45
2903,0
2904,37
2905,161
2906,59
2907,52
2908,27
2909,0
2910,89
2911,78
2912,1
2913,3
2914,33
2915,27
2916,49
2917,13
2918,0
2919,1
2920,13
2921,10
2922,61
2923,2
2924,0
2925,1
2926,26
2927,9
2928,15
2929,9
2930,0
2931,1
2932,10
2933,23
2934,16
2935,13
2936,20
2937,4
2938,60
2939,0
2940,7
2941,5
2942,0
2943,46
2944,67
2945,2
2946,37
2947,28
2948,23
2949,4
2950,0
2951,5
2952,16
2953,2
2954,21
2955,24
2956,21
2957,20
2958,46
2959,40
2960,2
2961,37
2962,23
2963,7
2964,130
2965,68
2966,60
2967,21
2968,0
2969,52
2970,183
2971,28
2972,72
2973,81
2974,73
2975,4
2976,26
2977,43
2978,51
2979,27
2980,25
2981,20
2982,8
2983,42
2984,9
2985,5
2986,80
2987,24
2988,40
2989,31
2990,86
2991,24
2992,37
2993,15
2994,35
2995,11
2996,8
2997,13
2998,9
2999,32
3000,4
3001,15
3002,88
3003,3
3004,50
3005,0
3006,49
3007,4
3008,3
3009,27
3010,42
3011,59
3012,5
3013,131
3014,9
3015,31
3016,4
3017,25
3018,23
3019,49
3020,41
3021,0
3022,9
3023,72
3024,10
3025,1
3026,37
3027,27
3028,22
3029,91
3030,69
3031,73
3032,22
3033,1
3034,35
3035,91
3036,68
3037,5
3038,18
3039,9
3040,60
3041,12
3042,0
3043,6
3044,36
3045,11
3046,23
3047,5
3048,117
3049,31
3050,37
3051,0
3052,0
3053,22
3054,50
3055,0
3056,14
3057,13
3058,101
3059,42
3060,30
3061,61
3062,20
3063,21
3064,12
3065,1
3066,84
3067,15
3068,9
3069,4
3070,1
3071,10
3072,92
3073,33
3074,11
3075,5
3076,12
3077,22
3078,14
3079,19
3080,0
3081,7
3082,9
3083,35
3084,26
3085,47
3086,3
3087,24
3088,39
3089,37
3090,24
3091,0
3092,0
3093,32
3094,3
3095,2
3096,16
3097,58
3098,51
3099,21
3100,23
3101,0
3102,16
3103,4
3104,13
3105,26
3106,19
3107,79
3108,6
3109,30
3110,21
3111,5
3112,5
3113,1
3114,2
3115,16
3116,37
3117,37
3118,0
3119,2
3120,12
3121,2
3122,38
3123,31
3124,6
3125,0
3126,33
3127,74
3128,64
3129,88
3130,62
3131,15
3132,45
3133,43
3134,2
3135,69
3136,9
3137,3
3138,0
3139,35
3140,65
3141,87
3142,0
3143,27
3144,24
3145,28
3146,14
3147,6
3148,0
3149,0
3150,31
3151,33
3152,11
3153,15
3154,28
3155,51
3156,2
3157,14
3158,7
3159,41
3160,34
3161,0
3162,24
3163,30
3164,101
3165,0
3166,41
3167,27
3168,8
3169,7
3170,5
3171,2
3172,49
3173,17
3174,0
3175,0
3176,5
3177,6
3178,0
3179,5
3180,15
3181,35
3182,3
3183,21
3184,80
3185,36
3186,0
3187,8
3188,86
3189,45
3190,4
3191,1
3192,14
3193,52
3194,2
3195,21
3196,15
3197,0
3198,35
3199,9
3200,2
3201,7
3202,15
3203,10
3204,16
3205,58
3206,30
3207,6
3208,71
3209,4
3210,30
3211,0
3212,48
3213,4
3214,11
3215,42
3216,7
3217,67
3218,25
3219,0
3220,13
3221,56
3222,110
3223,18
3224,14
3225,4
3226,23
3227,1
3228,49
3229,29
3230,13
3231,11
3232,19
3233,12
3234,60
3235,0
3236,59
3237,5
3238,27
3239,0
3240,8
3241,1
3242,8
3243,11
3244,65
3245,17
3246,0
3247,4
3248,3
3249,1
3250,3
3251,15
3252,10
3253,44
3254,12
3255,33
3256,6
3257,63
3258,67
3259,32
3260,87
3261,0
3262,1
3263,33
3264,12
3265,10
3266,30
3267,25
3268,44
3269,3
3270,20
3271,7
3272,0
3273,28
3274,1
3275,0
3276,17
3277,1
3278,12
3279,26
3280,33
3281,23
3282,9
3283,57
3284,25
3285,41
3286,3
3287,79
3288,45
3289,79
3290,4
3291,2
3292,160
3293,41
3294,64
3295,23
3296,106
3297,1
3298,1
3299,79
3300,30
3301,20
3302,21
3303,5
3304,3
3305,0
3306,0
3307,2
3308,19
3309,0
3310,76
3311,0
3312,0
3313,21
3314,9
3315,35
3316,29
3317,20
3318,47
3319,6
3320,54
3321,50
3322,48
3323,37
3324,0
3325,62
3326,8
3327,1
3328,2
3329,5
3330,16
3331,13
3332,61
3333,13
3334,3
3335,55
3336,41
3337,26
3338,55
3339,1
3340,39
3341,93
3342,42
3343,26
3344,36
3345,29
3346,10
3347,13
3348,33
3349,26
3350,9
3351,23
3352,32
3353,23
3354,97
3355,30
3356,0
3357,6
3358,16
3359,6
3360,17
3361,0
3362,20
3363,54
3364,17
3365,3
3366,8
3367,3
3368,4
3369,37
3370,23
3371,24
3372,1
3373,0
3374,43
3375,48
3376,47
3377,9
3378,15
3379,1
3380,30
3381,29
3382,15
3383,2
3384,1
3385,3
3386,9
3387,13
3388,31
3389,41
3390,7
3391,21
3392,53
3393,15
3394,143
3395,33
3396,14
3397,2
3398,1
3399,73
3400,40
3401,19
3402,106
3403,103
3404,22
3405,19
3406,18
3407,35
3408,120
3409,7
3410,61
3411,3
3412,8
3413,18
3414,63
3415,4
3416,55
3417,36
3418,31
3419,9
3420,31
3421,73
3422,3
3423,54
3424,44
3425,59
3426,35
3427,29
3428,29
3429,8
3430,57
3431,14
3432,1
3433,79
3434,59
3435,30
3436,20
3437,12
3438,23
3439,11
3440,4
3441,25
3442,32
3443,39
3444,15
3445,63
3446,70
3447,29
3448,51
3449,9
3450,24
3451,79
3452,3
3453,33
3454,14
3455,7
3456,36
3457,51
3458,36
3459,2
3460,16
3461,2
3462,11
3463,3
3464,54
3465,21
3466,85
3467,12
3468,31
3469,21
3470,46
3471,41
3472,57
3473,1
3474,34
3475,25
3476,63
3477,5
3478,20
3479,13
3480,70
3481,29
3482,46
3483,11
3484,9
3485,4
3486,17
3487,0
3488,17
3489,103
3490,0
3491,44
3492,39
3493,66
3494,44
3495,8
3496,13
3497,9
3498,50
3499,19
3500,41
3501,1
3502,16
3503,117
3504,25
3505,0
3506,1
3507,17
3508,29
3509,18
3510,28
3511,3
3512,0
3513,32
3514,10
3515,0
3516,19
3517,66
3518,5
3519,16
3520,9
3521,32
3522,1
3523,0
3524,77
3525,18
3526,0
3527,19
3528,1
3529,11
3530,25
3531,11
3532,21
3533,9
3534,45
3535,27
3536,27
3537,23
3538,0
3539,28
3540,77
3541,7
3542,74
3543,66
3544,35
3545,0
3546,51
3547,33
3548,50
3549,16
3550,20
3551,1
3552,17
3553,2
3554,26
3555,69
3556,7
3557,7
3558,79
3559,10
3560,0
3561,13
3562,14
3563,1
3564,9
3565,9
3566,6
3567,3
3568,6
3569,7
3570,49
3571,59
3572,1
3573,0
3574,3
3575,50
3576,69
3577,31
3578,3
3579,73
3580,0
3581,63
3582,0
3583,38
3584,7
3585,262
3586,35
3587,14
3588,1
3589,10
3590,29
3591,61
3592,16
3593,0
3594,37
3595,23
3596,12
3597,23
3598,26
3599,6
3600,10
3601,19
3602,24
3603,26
3604,9
3605,56
3606,5
3607,21
3608,59
3609,0
3610,4
3611,0
3612,15
3613,8
3614,14
3615,6
3616,21
3617,81
3618,26
3619,7
3620,113
3621,39
3622,4
3623,9
3624,3
3625,7
3626,0
3627,27
3628,51
3629,72
3630,25
3631,1
3632,28
3633,35
3634,49
3635,3
3636,2
3637,37
3638,15
3639,35
3640,41
3641,0
3642,25
3643,36
3644,13
3645,7
3646,37
3647,0
3648,18
3649,13
3650,5
3651,9
3652,2
3653,1
3654,36
3655,61
3656,3
3657,29
3658,1
3659,1
3660,35
3661,8
3662,4
3663,48
3664,3
3665,1
3666,2
3667,0
3668,7
3669,29
3670,61
3671,9
3672,0
3673,9
3674,3
3675,76
3676,49
3677,25
3678,1
3679,0
3680,7
3681,44
3682,3
3683,5
3684,57
3685,12
3686,4
3687,23
3688,17
3689,9
3690,147
3691,1
3692,5
3693,11
3694,10
3695,15
3696,53
3697,37
3698,15
3699,3
3700,5
3701,39
3702,9
3703,9
3704,18
3705,7
3706,32
3707,13
3708,3
3709,1
3710,11
3711,11
3712,51
3713,6
3714,22
3715,24
3716,28
3717,27
3718,28
3719,14
3720,53
3721,66
3722,2
3723,10
3724,5
3725,3
3726,41
3727,0
3728,9
3729,29
3730,70
3731,3
3732,38
3733,48
3734,90
3735,21
3736,2
3737,118
3738,1
3739,1
3740,5
3741,21
3742,35
3743,38
3744,28
3745,10
3746,24
3747,1
3748,15
3749,1
3750,9
3751,1
3752,14
3753,24
3754,32
3755,1
3756,1
3757,18
3758,13
3759,18
3760,105
3761,29
3762,5
3763,9
3764,4
3765,111
3766,3
3767,9
3768,7
3769,5
3770,30
3771,1
3772,28
3773,60
3774,38
3775,2
3776,16
3777,53
3778,31
3779,35
3780,42
3781,1
3782,65
3783,27
3784,22
3785,6
3786,39
3787,17
3788,19
3789,0
3790,33
3791,14
3792,9
3793,0
3794,10
3795,7
3796,77
3797,15
3798,3
3799,1
3800,1
3801,13
3802,15
3803,3
3804,21
3805,58
3806,19
3807,18
3808,1
3809,33
3810,83
3811,4
3812,5
3813,5
3814,7
3815,57
3816,35
3817,47
3818,5
3819,49
3820,0
3821,19
3822,2
3823,3
3824,35
3825,93
3826,60
3827,25
3828,3
3829,13
3830,83
3831,24
3832,30
3833,0
3834,84
3835,9
3836,7
3837,43
3838,12
3839,63
3840,1
3841,60
3842,7
3843,1
3844,2
3845,21
3846,48
3847,42
3848,42
3849,0
3850,33
3851,101
3852,13
3853,21
3854,6
3855,22
3856,33
3857,7
3858,3
3859,7
3860,66
3861,9
3862,9
3863,25
3864,27
3865,39
3866,11
3867,4
3868,64
3869,4
3870,7
3871,0
3872,98
3873,87
3874,25
3875,22
3876,45
3877,24
3878,19
3879,4
3880,4
3881,3
3882,5
3883,17
3884,6
3885,65
3886,2
3887,30
3888,82
3889,69
3890,37
3891,1
3892,8
3893,20
3894,15
3895,54
3896,31
3897,119
3898,12
3899,21
3900,43
3901,55
3902,7
3903,10
3904,17
3905,100
3906,17
3907,7
3908,3
3909,17
3910,23
3911,110
3912,3
3913,13
3914,19
3915,64
3916,8
3917,0
3918,11
3919,15
3920,35
3921,49
3922,62
3923,112
3924,9
3925,31
3926,2
3927,1
3928,55
3929,52
3930,111
3931,4
3932,11
3933,21
3934,73
3935,10
3936,19
3937,9
3938,10
3939,1
3940,37
3941,16
3942,101
3943,78
3944,20
3945,33
3946,27
3947,104
3948,58
3949,42
3950,0
3951,4
3952,58
3953,1
3954,8
3955,26
3956,34
3957,22
3958,45
3959,55
3960,65
3961,4
3962,10
3963,0
3964,8
3965,17
3966,25
3967,49
3968,1
3969,45
3970,37
3971,6
3972,35
3973,12
3974,1
3975,1
3976,110
3977,51
3978,12
3979,2
3980,31
3981,6
3982,1
3983,59
3984,37
3985,11
3986,33
3987,0
3988,14
3989,3
3990,77
3991,63
3992,8
3993,71
3994,7
3995,39
3996,9
3997,36
3998,30
3999,37
4000,3
4001,10
4002,57
4003,28
4004,56
4005,17
4006,34
4007,23
4008,13
4009,0
4010,7
4011,16
4012,0
4013,14
4014,1
4015,39
4016,62
4017,1
4018,130
4019,88
4020,33
4021,42
4022,22
4023,59
4024,51
4025,25
4026,41
4027,82
4028,41
4029,0
4030,151
4031,0
4032,39
4033,2
4034,27
4035,35
4036,36
4037,10
4038,22
4039,18
4040,4
4041,19
4042,8
4043,17
4044,15
4045,30
4046,19
4047,3
4048,69
4049,2
4050,18
4051,120
4052,1
4053,21
4054,1
4055,28
4056,1
4057,6
4058,35
4059,21
4060,13
4061,2
4062,179
4063,13
4064,31
4065,61
4066,7
4067,29
4068,55
4069,41
4070,29
4071,15
4072,17
4073,7
4074,5
4075,51
4076,2
4077,36
4078,24
4079,64
4080,2
4081,56
4082,51
4083,1
4084,19
4085,12
4086,7
4087,44
4088,19
4089,31
4090,8
4091,88
4092,58
4093,10
4094,5
4095,13
4096,27
4097,2
4098,2
4099,47
4100,3
4101,20
4102,54
4103,6
4104,69
4105,46
4106,17
4107,1
4108,54
4109,65
4110,20
4111,3
4112,42
4113,20
4114,81
4115,14
4116,58
4117,36
4118,9
4119,3
4120,42
4121,22
4122,99
4123,15
4124,5
4125,17
4126,75
4127,5
4128,24
4129,17
4130,11
4131,67
4132,53
4133,27
4134,15
4135,13
4136,2
4137,44
4138,92
4139,12
4140,33
4141,46
4142,11
4143,5
4144,22
4145,5
4146,1
4147,19
4148,55
4149,3
4150,1
4151,97
4152,25
4153,19
4154,31
4155,32
4156,14
4157,38
4158,30
4159,32
4160,9
4161,27
4162,44
4163,24
4164,23
4165,20
4166,32
4167,26
4168,7
4169,16
4170,5
4171,48
4172,1
4173,61
4174,23
4175,19
4176,33
4177,0
4178,41
4179,4
4180,27
4181,8
4182,8
4183,5
4184,6
4185,1
4186,91
4187,14
4188,2
4189,45
4190,44
4191,5
4192,25
4193,2
4194,43
4195,61
4196,42
4197,49
4198,11
4199,69
4200,10
4201,1
4202,4
4203,3
4204,27
4205,19
4206,58
4207,25
4208,24
4209,1
4210,5
4211,5
4212,19
4213,16
4214,17
4215,21
4216,21
4217,20
4218,3
4219,45
4220,89
4221,3
4222,5
4223,7
4224,5
4225,7
4226,36
4227,27
4228,25
4229,115
4230,20
4231,26
4232,27
4233,2
4234,19
4235,2
4236,49
4237,3
4238,1
4239,16
4240,33
4241,37
4242,5
4243,33
4244,18
4245,57
4246,12
4247,54
4248,77
4249,10
4250,1
4251,7
4252,1
4253,97
4254,15
4255,9
4256,65
4257,43
4258,19
4259,12
4260,27
4261,11
4262,113
4263,49
4264,21
4265,5
4266,35
4267,3
4268,1
4269,28
4270,35
4271,1
4272,31
4273,31
4274,34
4275,21
4276,53
4277,37
4278,15
4279,52
4280,0
4281,15
4282,8
4283,7
4284,31
4285,17
4286,44
4287,24
4288,11
4289,18
4290,55
4291,102
4292,1
4293,21
4294,35
4295,24
4296,28
4297,2
4298,19
4299,6
4300,9
4301,1
4302,41
4303,64
4304,21
4305,137
4306,0
4307,17
4308,20
4309,84
4310,3
4311,1
4312,53
4313,5
4314,46
4315,66
4316,17
4317,56
4318,19
4319,20
4320,31
4321,29
4322,15
4323,10
4324,37
4325,25
4326,15
4327,28
4328,65
4329,3
4330,22
4331,71
4332,21
4333,85
4334,6
4335,36
4336,7
4337,1
4338,2
4339,3
4340,3
4341,24
4342,9
4343,7
4344,95
4345,40
4346,31
4347,34
4348,8
4349,133
4350,39
4351,35
4352,119
4353,25
4354,25
4355,8
4356,0
4357,18
4358,35
4359,3
4360,2
4361,120
4362,2
4363,94
4364,42
4365,40
4366,28
4367,20
4368,133
4369,1
4370,24
4371,11
4372,29
4373,23
4374,67
4375,64
4376,60
4377,61
4378,46
4379,29
4380,10
4381,16
4382,3
4383,16
4384,10
4385,33
4386,25
4387,15
4388,18
4389,43
4390,9
4391,2
4392,76
4393,17
4394,2
4395,23
4396,11
4397,18
4398,0
4399,23
4400,30
4401,125
4402,97
4403,35
4404,48
4405,23
4406,30
4407,15
4408,1
4409,44
4410,11
4411,25
4412,54
4413,25
4414,4
4415,23
4416,37
4417,117
4418,54
4419,8
4420,5
4421,10
4422,1
4423,59
4424,1
4425,118
4426,6
4427,21
4428,28
4429,45
4430,3
4431,1
4432,27
4433,5
4434,59
4435,50
4436,61
4437,62
4438,3
4439,5
4440,10
4441,34
4442,1
4443,7
4444,128
4445,9
4446,20
4447,41
4448,12
4449,87
4450,6
4451,29
4452,41
4453,29
4454,7
4455,58
4456,45
4457,26
4458,16
4459,4
4460,32
4461,23
4462,44
4463,5
4464,45
4465,13
4466,34
4467,13
4468,21
4469,1
4470,12
4471,5
4472,8
4473,37
4474,28
4475,4
4476,16
4477,120
4478,83
4479,93
4480,20
4481,3
4482,34
4483,47
4484,13
4485,23
4486,70
4487,18
4488,1
4489,3
4490,11
4491,19
4492,67
4493,23
4494,0
4495,3
4496,16
4497,18
4498,44
4499,3
4500,2
4501,8
4502,0
4503,22
4504,11
4505,63
4506,13
4507,1
4508,15
4509,63
4510,79
4511,8
4512,135
4513,7
4514,27
4515,63
4516,9
4517,78
4518,17
4519,57
4520,21
4521,8
4522,13
4523,1
4524,47
4525,71
4526,76
4527,14
4528,4
4529,4
4530,6
4531,96
4532,143
4533,21
4534,51
4535,15
4536,61
4537,28
4538,43
4539,9
4540,9
4541,3
4542,39
4543,3
4544,3
4545,30
4546,17
4547,38
4548,5
4549,81
4550,25
4551,21
4552,1
4553,11
4554,5
4555,40
4556,23
4557,13
4558,24
4559,78
4560,17
4561,27
4562,34
4563,5
4564,1
4565,21
4566,35
4567,21
4568,200
4569,92
4570,160
4571,75
4572,14
4573,8
4574,97
4575,55
4576,29
4577,2
4578,26
4579,57
4580,11
4581,15
4582,41
4583,81
4584,217
4585,17
4586,99
4587,52
4588,2
4589,1
4590,39
4591,18
4592,115
4593,4
4594,2
4595,7
4596,3
4597,39
4598,95
4599,4
4600,191
4601,21
4602,48
4603,3
4604,43
4605,6
4606,48
4607,23
4608,37
4609,10
4610,11
4611,80
4612,29
4613,2
4614,38
4615,59
4616,29
4617,99
4618,3
4619,40
4620,20
4621,1
4622,6
4623,87
4624,4
4625,32
4626,148
4627,29
4628,187
4629,27
4630,1
4631,45
4632,4
4633,46
4634,86
4635,12
4636,181
4637,17
4638,296
4639,67
4640,1
4641,16
4642,97
4643,1
4644,17
4645,73
4646,30
4647,51
4648,141
4649,38
4650,37
4651,44
4652,3
4653,66
4654,3
4655,28
4656,0
4657,28
4658,254
4659,63
4660,4
4661,23
4662,19
4663,13
4664,24
4665,7
4666,1
4667,11
4668,44
4669,13
4670,25
4671,57
4672,13
4673,0
4674,1
4675,65
4676,29
4677,43
4678,0
4679,9
4680,3
4681,26
4682,61
4683,4
4684,5
4685,0
4686,64
4687,90
4688,0
4689,39
4690,1
4691,49
4692,33
4693,3
4694,49
4695,17
4696,6
4697,84
4698,12
4699,42
4700,15
4701,5
4702,91
4703,42
4704,22
4705,21
4706,101
4707,57
4708,80
4709,23
4710,41
4711,111
4712,60
4713,69
4714,2
4715,19
4716,1
4717,49
4718,19
4719,8
4720,23
4721,36
4722,1
4723,9
4724,30
4725,27
4726,63
4727,45
4728,0
4729,12
4730,38
4731,4
4732,98
4733,55
4734,58
4735,2
4736,13
4737,85
4738,25
4739,52
4740,3
4741,0
4742,0
4743,44
4744,25
4745,97
4746,20
4747,45
4748,42
4749,64
4750,15
4751,8
4752,56
4753,13
4754,67
4755,13
4756,41
4757,52
4758,83
4759,27
4760,79
4761,99
4762,9
4763,4
4764,62
4765,69
4766,121
4767,25
4768,31
4769,0
4770,108
4771,49
4772,2
4773,2
4774,16
4775,0
4776,145
4777,94
4778,41
4779,31
4780,7
4781,7
4782,39
4783,35
4784,40
4785,3
4786,77
4787,57
4788,13
4789,80
4790,6
4791,46
4792,3
4793,34
4794,73
4795,18
4796,35
4797,5
4798,13
4799,34
4800,65
4801,102
4802,58
4803,12
4804,91
4805,84
4806,24
4807,0
4808,43
4809,6
4810,17
4811,24
4812,29
4813,4
4814,46
4815,11
4816,1
4817,3
4818,69
4819,115
4820,7
4821,58
4822,145
4823,3
4824,20
4825,21
4826,4
4827,24
4828,35
4829,1
4830,15
4831,11
4832,28
4833,26
4834,68
4835,78
4836,73
4837,34
4838,5
4839,21
4840,36
4841,27
4842,13
4843,85
4844,31
4845,2
4846,59
4847,24
4848,45
4849,3
4850,47
4851,50
4852,1
4853,34
4854,3
4855,5
4856,14
4857,95
4858,1
4859,71
4860,35
4861,1
4862,53
4863,1
4864,11
4865,35
4866,63
4867,14
4868,7
4869,22
4870,14
4871,21
4872,5
4873,176
4874,13
4875,2
4876,46
4877,5
4878,53
4879,5
4880,137
4881,81
4882,20
4883,65
4884,30
4885,13
4886,22
4887,122
4888,9
4889,63
4890,21
4891,36
4892,39
4893,31
4894,35
4895,0
4896,38
4897,37
4898,31
4899,13
4900,1
4901,30
4902,53
4903,54
4904,14
4905,4
4906,57
4907,58
4908,87
4909,5
4910,15
4911,40
4912,1
4913,53
4914,27
4915,28
4916,17
4917,47
4918,4
4919,93
4920,84
4921,13
4922,35
4923,11
4924,25
4925,1
4926,0
4927,50
4928,13
4929,23
4930,4
4931,67
4932,175
4933,40
4934,22
4935,4
4936,37
4937,42
4938,23
4939,28
4940,1
4941,13
4942,65
4943,11
4944,19
4945,16
4946,19
4947,19
4948,1
4949,26
4950,121
4951,2
4952,24
4953,3
4954,25
4955,130
4956,21
4957,2
4958,10
4959,42
4960,53
4961,41
4962,27
4963,32
4964,7
4965,5
4966,21
4967,50
4968,19
4969,73
4970,48
4971,37
4972,98
4973,26
4974,95
4975,19
4976,32
4977,7
4978,26
4979,20
4980,3
4981,59
4982,51
4983,71
4984,5
4985,63
4986,56
4987,2
4988,3
4989,63
4990,10
4991,3
4992,50
4993,135
4994,31
4995,11
4996,133
4997,3
4998,111
4999,2
5000,40
5001,44
5002,44
5003,1
5004,10
5005,59
5006,23
5007,71
5008,40
5009,9
5010,5
5011,5
5012,34
5013,28
5014,172
5015,1
5016,13
5017,65
5018,21
5019,8
5020,6
5021,60
5022,31
5023,123
5024,2
5025,88
5026,23
5027,50
5028,14
5029,37
5030,21
5031,46
5032,7
5033,1
5034,43
5035,8
5036,5
5037,2
5038,47
5039,48
5040,1
5041,1
5042,44
5043,51
5044,1
5045,1
5046,65
5047,36
5048,15
5049,3
5050,49
5051,24
5052,30
5053,8
5054,207
5055,66
5056,24
5057,37
5058,17
5059,71
5060,7
5061,26
5062,191
5063,38
5064,139
5065,55
5066,4
5067,21
5068,12
5069,29
5070,15
5071,58
5072,100
5073,9
5074,9
5075,59
5076,5
5077,27
5078,27
5079,12
5080,75
5081,43
5082,22
5083,2
5084,19
5085,68
5086,29
5087,25
5088,15
5089,98
5090,4
5091,13
5092,43
5093,36
5094,25
5095,9
5096,13
5097,2
5098,34
5099,31
5100,2
5101,11
5102,137
5103,9
5104,108
5105,25
5106,51
5107,32
5108,48
5109,79
5110,83
5111,175
5112,30
5113,64
5114,63
5115,12
5116,13
5117,50
5118,63
5119,70
5120,1
5121,12
5122,1
5123,10
5124,9
5125,6
5126,21
5127,19
5128,29
5129,38
5130,17
5131,2
5132,1
5133,5
5134,134
5135,105
5136,15
5137,16
5138,66
5139,1
5140,36
5141,41
5142,2
5143,39
5144,7
5145,9
5146,9
5147,61
5148,40
5149,14
5150,83
5151,57
5152,50
5153,13
5154,1
5155,31
5156,51
5157,24
5158,36
5159,6
5160,4
5161,19
5162,6
5163,4
5164,101
5165,55
5166,109
5167,37
5168,27
5169,12
5170,77
5171,85
5172,37
5173,90
5174,49
5175,49
5176,17
5177,45
5178,73
5179,23
5180,45
5181,6
5182,44
5183,13
5184,1
5185,117
5186,29
5187,56
5188,2
5189,25
5190,38
5191,95
5192,151
5193,25
5194,179
5195,1
5196,21
5197,65
5198,66
5199,13
5200,26
5201,17
5202,99
5203,11
5204,31
5205,4
5206,22
5207,53
5208,23
5209,26
5210,35
5211,46
5212,7
5213,5
5214,19
5215,106
5216,33
5217,34
5218,1
5219,27
5220,48
5221,197
5222,23
5223,25
5224,272
5225,3
5226,67
5227,3
5228,5
5229,4
5230,11
5231,89
5232,60
5233,1
5234,7
5235,77
5236,161
5237,61
5238,1
5239,42
5240,71
5241,28
5242,9
5243,39
5244,37
5245,24
5246,1
5247,62
5248,1
5249,33
5250,7
5251,11
5252,2
5253,10
5254,83
5255,52
5256,91
5257,3
5258,40
5259,7
5260,128
5261,0
5262,27
5263,18
5264,92
5265,2
5266,23
5267,3
5268,12
5269,25
5270,18
5271,45
5272,2
5273,7
5274,2
5275,1
5276,2
5277,105
5278,2
5279,32
5280,2
5281,7
5282,164
5283,8
5284,49
5285,28
5286,1
5287,1
5288,2
5289,85
5290,51
5291,84
5292,36
5293,36
5294,42
5295,40
5296,14
5297,33
5298,2
5299,53
5300,77
5301,12
5302,1
5303,2
5304,11
5305,56
5306,61
5307,17
5308,10
5309,29
5310,17
5311,70
5312,20
5313,51
5314,98
5315,85
5316,11
5317,13
5318,17
5319,89
5320,171
5321,33
5322,30
5323,19
5324,123
5325,20
5326,57
5327,31
5328,8
5329,55
5330,10
5331,33
5332,20
5333,13
5334,1
5335,61
5336,3
5337,40
5338,10
5339,61
5340,4
5341,24
5342,6
5343,19
5344,2
5345,27
5346,40
5347,123
5348,3
5349,1
5350,36
5351,65
5352,36
5353,2
5354,20
5355,20
5356,2
5357,22
5358,1
5359,45
5360,93
5361,3
5362,3
5363,125
5364,6
5365,7
5366,31
5367,83
5368,42
5369,35
5370,103
5371,12
5372,1
5373,7
5374,43
5375,12
5376,5
5377,16
5378,10
5379,39
5380,47
5381,15
5382,83
5383,7
5384,95
5385,72
5386,71
5387,56
5388,22
5389,44
5390,28
5391,4
5392,45
5393,209
5394,1
5395,25
5396,7
5397,19
5398,12
5399,4
5400,5
5401,1
5402,13
5403,7
5404,3
5405,2
5406,42
5407,1
5408,3
5409,6
5410,1
5411,6
5412,120
5413,9
5414,19
5415,88
5416,6
5417,50
5418,138
5419,1
5420,4
5421,2
5422,6
5423,30
5424,147
5425,98
5426,82
5427,4
5428,3
5429,9
5430,32
5431,17
5432,18
5433,38
5434,45
5435,41
5436,25
5437,27
5438,65
5439,33
5440,21
5441,99
5442,4
5443,2
5444,19
5445,16
5446,25
5447,31
5448,146
5449,1
5450,16
5451,9
5452,24
5453,16
5454,81
5455,15
5456,23
5457,74
5458,7
5459,72
5460,25
5461,115
5462,1
5463,4
5464,189
5465,43
5466,4
5467,2
5468,18
5469,3
5470,3
5471,64
5472,21
5473,17
5474,10
5475,1
5476,35
5477,161
5478,45
5479,118
5480,2
5481,88
5482,25
5483,11
5484,66
5485,118
5486,82
5487,18
5488,21
5489,4
5490,1
5491,97
5492,113
5493,4
5494,61
5495,19
5496,2
5497,37
5498,25
5499,69
5500,1
5501,186
5502,28
5503,44
5504,6
5505,96
5506,224
5507,13
5508,15
5509,66
5510,44
5511,42
5512,10
5513,8
5514,1
5515,69
5516,2
5517,44
5518,3
5519,34
5520,3
5521,43
5522,34
5523,26
5524,135
5525,58
5526,50
5527,4
5528,40
5529,44
5530,43
5531,148
5532,21
5533,16
5534,11
5535,136
5536,13
5537,38
5538,10
5539,59
5540,52
5541,7
5542,35
5543,15
5544,37
5545,58
5546,26
5547,36
5548,6
5549,33
5550,14
5551,38
5552,8
5553,15
5554,22
5555,1
5556,2
5557,17
5558,27
5559,17
5560,51
5561,40
5562,69
5563,4
5564,2
5565,15
5566,43
5567,55
5568,23
5569,54
5570,21
5571,9
5572,17
5573,49
5574,7
5575,87
5576,24
5577,96
5578,2
5579,25
5580,17
5581,183
5582,20
5583,6
5584,37
5585,23
5586,23
5587,46
5588,8
5589,31
5590,53
5591,26
5592,1
5593,31
5594,3
5595,15
5596,19
5597,108
5598,55
5599,1
5600,1
5601,3
5602,110
5603,36
5604,56
5605,25
5606,23
5607,16
5608,44
5609,3
5610,33
5611,27
5612,3
5613,110
5614,14
5615,4
5616,35
5617,57
5618,32
5619,20
5620,35
5621,60
5622,37
5623,5
5624,77
5625,20
5626,98
5627,28
5628,60
5629,50
5630,13
5631,15
5632,33
5633,7
5634,39
5635,47
5636,34
5637,69
5638,100
5639,31
5640,27
5641,92
5642,5
5643,2
5644,21
5645,93
5646,7
5647,49
5648,28
5649,26
5650,58
5651,25
5652,3
5653,7
5654,64
5655,48
5656,5
5657,4
5658,3
5659,5
5660,5
5661,58
5662,66
5663,19
5664,59
5665,56
5666,45
5667,7
5668,3
5669,20
5670,27
5671,51
5672,43
5673,65
5674,31
5675,138
5676,47
5677,21
5678,52
5679,8
5680,43
5681,49
5682,19
5683,1
5684,52
5685,1
5686,106
5687,33
5688,32
5689,47
5690,31
5691,81
5692,1
5693,15
5694,6
5695,30
5696,13
5697,10
5698,43
5699,7
5700,45
5701,102
5702,109
5703,31
5704,9
5705,65
5706,59
5707,24
5708,7
5709,58
5710,129
5711,34
5712,1
5713,32
5714,1
5715,3
5716,122
5717,32
5718,30
5719,1
5720,4
5721,32
5722,19
5723,58
5724,1
5725,62
5726,64
5727,78
5728,1
5729,18
5730,75
5731,20
5732,189
5733,37
5734,42
5735,31
5736,42
5737,62
5738,68
5739,1
5740,5
5741,32
5742,4
5743,70
5744,2
5745,126
5746,19
5747,1
5748,45
5749,33
5750,6
5751,75
5752,1
5753,19
5754,5
5755,15
5756,93
5757,3
5758,8
5759,4
5760,43
5761,37
5762,49
5763,5
5764,101
5765,10
5766,5
5767,4
5768,4
5769,7
5770,2
5771,3
5772,13
5773,33
5774,47
5775,96
5776,151
5777,2
5778,59
5779,51
5780,1
5781,262
5782,147
5783,69
5784,25
5785,57
5786,91
5787,1
5788,33
5789,33
5790,171
5791,15
5792,15
5793,3
5794,45
5795,6
5796,187
5797,33
5798,51
5799,17
5800,18
5801,43
5802,17
5803,25
5804,33
5805,24
5806,51
5807,32
5808,6
5809,11
5810,1
5811,6
5812,17
5813,23
5814,8
5815,19
5816,5
5817,39
5818,39
5819,8
5820,21
5821,5
5822,2
5823,44
5824,7
5825,36
5826,16
5827,7
5828,12
5829,2
5830,25
5831,100
5832,34
5833,11
5834,43
5835,3
5836,19
5837,7
5838,56
5839,1
5840,1
5841,21
5842,7
5843,3
5844,1
5845,1
5846,42
5847,55
5848,15
5849,19
5850,48
5851,29
5852,55
5853,156
5854,3
5855,25
5856,2
5857,4
5858,17
5859,23
5860,2
5861,8
5862,12
5863,9
5864,3
5865,38
5866,32
5867,13
5868,2
5869,2
5870,93
5871,28
5872,15
5873,1
5874,44
5875,15
5876,2
5877,38
5878,115
5879,11
5880,49
5881,29
5882,15
5883,7
5884,52
5885,3
5886,5
5887,24
5888,2
5889,58
5890,2
5891,72
5892,15
5893,40
5894,88
5895,27
5896,15
5897,2
5898,47
5899,39
5900,8
5901,26
5902,11
5903,7
5904,41
5905,32
5906,72
5907,12
5908,80
5909,31
5910,30
5911,1
5912,31
5913,33
5914,38
5915,4
5916,1
5917,30
5918,60
5919,4
5920,20
5921,1
5922,6
5923,21
5924,10
5925,26
5926,3
5927,23
5928,7
5929,8
5930,5
5931,26
5932,3
5933,26
5934,11
5935,59
5936,5
5937,32
5938,1
5939,1
5940,61
5941,37
5942,3
5943,1
5944,7
5945,1
5946,27
5947,10
5948,1
5949,3
5950,2
5951,20
5952,25
5953,39
5954,74
5955,4
5956,9
5957,61
5958,10
5959,29
5960,17
5961,59
5962,21
5963,9
5964,12
5965,17
5966,49
5967,1
5968,4
5969,16
5970,29
5971,45
5972,8
5973,6
5974,44
5975,29
5976,125
5977,142
5978,7
5979,52
5980,27
5981,24
5982,15
5983,43
5984,53
5985,10
5986,27
5987,9
5988,73
5989,11
5990,17
5991,36
5992,17
5993,31
5994,1
5995,5
5996,2
5997,63
5998,25
5999,41
6000,47
6001,11
6002,17
6003,5
6004,24
6005,19
6006,2
6007,8
6008,39
6009,2
6010,44
6011,29
6012,23
6013,29
6014,8
6015,6
6016,41
6017,4
6018,21
6019,5
6020,4
6021,10
6022,5
6023,16
6024,15
6025,3
6026,54
6027,127
6028,8
6029,47
6030,1
6031,63
6032,1
6033,74
6034,29
6035,1
6036,41
6037,14
6038,31
6039,1
6040,39
6041,45
6042,58
6043,1
6044,3
6045,41
6046,9
6047,5
6048,2
6049,13
6050,10
6051,8
6052,29
6053,1
6054,12
6055,1
6056,17
6057,32
6058,9
6059,43
6060,29
6061,19
6062,6
6063,1
6064,2
6065,9
6066,7
6067,67
6068,17
6069,63
6070,66
6071,10
6072,20
6073,9
6074,6
6075,7
6076,45
6077,2
6078,36
6079,2
6080,1
6081,39
6082,112
6083,63
6084,36
6085,2
6086,22
6087,3
6088,23
6089,3
6090,2
6091,10
6092,11
6093,26
6094,2
6095,9
6096,96
6097,22
6098,8
6099,37
6100,7
6101,39
6102,58
6103,34
6104,54
6105,11
6106,23
6107,5
6108,28
6109,28
6110,23
6111,89
6112,9
6113,4
6114,1
6115,29
6116,1
6117,4
6118,16
6119,96
6120,33
6121,1
6122,10
6123,27
6124,19
6125,132
6126,69
6127,29
6128,39
6129,2
6130,1
6131,46
6132,58
6133,12
6134,23
6135,3
6136,23
6137,3
6138,38
6139,31
6140,18
6141,5
6142,2
6143,61
6144,6
6145,48
6146,27
6147,90
6148,11
6149,55
6150,1
6151,13
6152,2
6153,122
6154,18
6155,50
6156,52
6157,31
6158,11
6159,4
6160,2
6161,24
6162,34
6163,3
6164,1
6165,19
6166,1
6167,34
6168,34
6169,15
6170,88
6171,43
6172,46
6173,88
6174,84
6175,34
6176,99
6177,137
6178,17
6179,2
6180,23
6181,125
6182,23
6183,8
6184,49
6185,3
6186,10
6187,58
6188,185
6189,112
6190,75
6191,43
6192,85
6193,2
6194,149
6195,4
6196,133
6197,105
6198,20
6199,19
6200,111
6201,13
6202,104
6203,5
6204,24
6205,16
6206,22
6207,23
6208,43
6209,9
6210,1
6211,47
6212,17
6213,6
6214,3
6215,38
6216,57
6217,1
6218,10
6219,1
6220,152
6221,1
6222,47
6223,16
6224,41
6225,27
6226,18
6227,73
6228,63
6229,1
6230,31
6231,5
6232,4
6233,7
6234,21
6235,59
6236,44
6237,37
6238,1
6239,27
6240,7
6241,114
6242,53
6243,85
6244,87
6245,75
6246,8
6247,92
6248,7
6249,65
6250,19
6251,84
6252,136
6253,27
6254,4
6255,44
6256,26
6257,39
6258,69
6259,10
6260,15
6261,26
6262,7
6263,84
6264,2
6265,22
6266,19
6267,16
6268,25
6269,28
6270,7
6271,5
6272,37
6273,184
6274,1
6275,7
6276,413
6277,52
6278,29
6279,27
6280,69
6281,2
6282,11
6283,14
6284,2
6285,49
6286,3
6287,67
6288,31
6289,49
6290,7
6291,1
6292,63
6293,156
6294,20
6295,41
6296,83
6297,37
6298,19
6299,45
6300,104
6301,19
6302,14
6303,3
6304,32
6305,83
6306,2
6307,44
6308,48
6309,19
6310,20
6311,141
6312,30
6313,209
6314,1
6315,123
6316,32
6317,87
6318,115
6319,133
6320,83
6321,32
6322,7
6323,58
6324,45
6325,11
6326,19
6327,103
6328,11
6329,15
6330,105
6331,62
6332,27
6333,1
6334,99
6335,1
6336,8
6337,135
6338,34
6339,2
6340,101
6341,97
6342,47
6343,2
6344,34
6345,10
6346,11
6347,19
6348,23
6349,44
6350,1
6351,95
6352,19
6353,21
6354,19
6355,1
6356,31
6357,27
6358,43
6359,66
6360,180
6361,11
6362,7
6363,120
6364,50
6365,81
6366,11
6367,308
6368,4
6369,10
6370,26
6371,47
6372,137
6373,39
6374,6
6375,47
6376,16
6377,12
6378,55
6379,18
6380,35
6381,94
6382,7
6383,47
6384,39
6385,34
6386,55
6387,66
6388,115
6389,68
6390,21
6391,2
6392,7
6393,65
6394,102
6395,74
6396,280
6397,19
6398,7
6399,31
6400,57
6401,75
6402,12
6403,85
6404,59
6405,13
6406,1
6407,66
6408,2
6409,52
6410,1
6411,113
6412,58
6413,9
6414,168
6415,7
6416,67
6417,69
6418,23
6419,9
6420,14
6421,41
6422,33
6423,33
6424,61
6425,33
6426,29
6427,19
6428,23
6429,42
6430,3
6431,39
6432,16
6433,42
6434,9
6435,59
6436,131
6437,5
6438,32
6439,13
6440,15
6441,3
6442,31
6443,42
6444,1
6445,37
6446,22
6447,16
6448,54
6449,29
6450,4
6451,86
6452,15
6453,34
6454,5
6455,19
6456,12
6457,4
6458,13
6459,26
6460,28
6461,57
6462,2
6463,2
6464,6
6465,19
6466,2
6467,4
6468,22
6469,4
6470,18
6471,9
6472,5
6473,4
6474,27
6475,1
6476,4
6477,5
6478,1
6479,3
6480,2
6481,8
6482,13
6483,3
6484,58
6485,1
6486,7
6487,14
6488,5
6489,15
6490,1
6491,18
6492,9
6493,3
6494,7
6495,17
6496,31
6497,27
6498,26
6499,43
6500,9
6501,2
6502,4
6503,1
6504,15
6505,35
6506,12
6507,45
6508,3
6509,1
6510,17
6511,8
6512,4
6513,13
6514,27
6515,8
6516,4
6517,10
6518,16
6519,21
6520,3
6521,8
6522,11
6523,1
6524,7
6525,2
6526,10
6527,15
6528,19
6529,1
6530,9
6531,1
6532,2
6533,1
6534,1
6535,19
6536,58
6537,2
6538,3
6539,1
6540,31
6541,12
6542,17
6543,5
6544,9
6545,11
6546,3
6547,27
6548,1
6549,23
6550,6
6551,3
6552,17
6553,28
6554,70
6555,6
6556,29
6557,14
6558,7
6559,36
6560,2
6561,2
6562,13
6563,6
6564,6
6565,5
6566,18
6567,4
6568,3
6569,31
6570,7
6571,1
6572,2
6573,3
6574,5
6575,5
6576,9
6577,1
6578,15
6579,2
6580,21
6581,9
6582,6
6583,10
6584,11
6585,2
6586,1
6587,1
6588,1
6589,8
6590,5
6591,21
6592,1
6593,2
6594,18
6595,15
6596,17
6597,27
6598,1
6599,1
6600,16
6601,11
6602,1
6603,14
6604,5
6605,6
6606,1
6607,2
6608,1
6609,2
6610,14
6611,12
6612,1
6613,1
6614,5
6615,2
6616,1
6617,2
6618,2
6619,10
6620,17
6621,1
6622,11
6623,2
6624,2
6625,3
6626,15
6627,17
6628,13
6629,15
6630,2
6631,1
6632,13
6633,18
6634,1
6635,7
6636,2
6637,1
6638,4
6639,3
6640,5
6641,2
6642,7
6643,5
6644,2
6645,12
6646,9
6647,1
6648,1
6649,1
6650,1
6651,2
6652,2
6653,1
6654,2
6655,3
6656,5
6657,5
6658,1
6659,11
6660,16
6661,2
6662,7
6663,5
6664,7
6665,29
6666,1
6667,1
6668,21
6669,17
6670,7
6671,10
6672,6
6673,2
6674,19
6675,6
6676,11
6677,28
6678,10
6679,9
6680,7
6681,6
6682,11
6683,7
6684,5
6685,6
6686,11
6687,3
6688,5
6689,14
6690,13
6691,5
6692,13
6693,4
6694,4
6695,5
6696,17
6697,26
6698,3
6699,17
6700,21
6701,2
6702,1
6703,25
6704,5
6705,4
6706,3
6707,1
6708,3
6709,2
6710,7
6711,5
6712,8
6713,7
6714,2
6715,5
6716,2
6717,8
6718,1
6719,5
6720,2
6721,4
6722,1
6723,5
6724,2
6725,5
6726,9
6727,2
6728,9
6729,13
6730,2
6731,5
6732,2
6733,19
6734,11
6735,3
6736,3
6737,5
6738,3
6739,1
6740,10
6741,2
6742,3
6743,4
6744,4
6745,9
6746,8
6747,26
6748,3
6749,8
6750,11
6751,3
6752,2
6753,3
6754,6
6755,4
6756,4
6757,2
6758,3
6759,2
6760,10
6761,1
6762,5
6763,8
6764,1
6765,3
6766,5
6767,1
6768,1
6769,1
6770,1
6771,1
6772,2
6773,12
6774,1
6775,3
6776,1
6777,21
6778,12
6779,1
6780,10
6781,9
6782,9
6783,1
6784,9
6785,11
6786,2
6787,2
6788,1
6789,29
6790,1
6791,2
6792,2
6793,1
6794,20
6795,4
6796,2
6797,2
6798,1
6799,2
6800,5
6801,1
6802,3
6803,3
6804,2
6805,8
6806,1
6807,13
6808,3
6809,12
6810,1
6811,11
6812,5
6813,8
6814,12
6815,3
6816,3
6817,8
6818,8
6819,9
6820,2
6821,3
6822,8
6823,3
6824,5
6825,22
6826,23
6827,2
6828,1
6829,1
6830,20
6831,4
6832,5
6833,2
6834,1
6835,5
6836,1
6837,1
6838,4
6839,1
6840,2
6841,3
6842,7
6843,1
6844,6
6845,3
6846,13
6847,1
6848,1
6849,2
6850,3
6851,1
6852,6
6853,2
6854,7
6855,1
6856,15
6857,8
6858,1
6859,10
6860,4
6861,1
6862,9
6863,2
6864,3
6865,15
6866,4
6867,3
6868,2
6869,5
6870,9
6871,6
6872,6
6873,3
6874,2
6875,7
6876,2
6877,2
6878,3
6879,1
6880,3
6881,16
6882,1
6883,2
6884,4
6885,4
6886,2
6887,2
6888,6
6889,1
6890,1
6891,5
6892,11
6893,1
6894,1
6895,2
6896,2
6897,2
6898,2
6899,1
6900,2
6901,2
6902,1
6903,1
6904,3
6905,3
6906,2
6907,9
6908,4
6909,8
6910,8
6911,3
6912,4
6913,3
6914,3
6915,5
6916,4
6917,3
6918,3
6919,4
6920,4
6921,3
6922,2
6923,2
6924,2
6925,6
6926,3
6927,2
6928,7
6929,3
6930,1
6931,2
6932,3
6933,4
6934,3
6935,12
6936,7
6937,5
6938,7
6939,2
6940,3
6941,2
6942,2
6943,4
6944,6
6945,5
6946,26
6947,2
6948,10
6949,2
6950,4
6951,3
6952,4
6953,2
6954,14
6955,4
6956,3
6957,2
6958,5
6959,2
6960,3
6961,12
6962,2
6963,3
6964,4
6965,3
6966,3
6967,26
6968,3
6969,1
6970,6
6971,2
6972,2
6973,9
6974,3
6975,3
6976,3
6977,6
6978,3
6979,4
6980,9
6981,5
6982,2
6983,9
6984,2
6985,3
6986,3
6987,2
6988,10
6989,8
6990,4
6991,6
6992,6
6993,2
6994,5
6995,2
6996,6
6997,6
6998,2
6999,5
7000,5
7001,1
7002,8
7003,2
7004,2
7005,4
7006,8
7007,2
7008,2
7009,2
7010,4
7011,1
7012,8
7013,6
7014,7
7015,27
7016,1
7017,4
7018,2
7019,6
7020,3
7021,3
7022,4
7023,7
7024,4
7025,2
7026,25
7027,8
7028,5
7029,1
7030,2
7031,1
7032,5
7033,4
7034,2
7035,3
7036,1
7037,2
7038,3
7039,6
7040,10
7041,2
7042,3
7043,8
7044,2
7045,8
7046,7
7047,4
7048,9
7049,12
7050,20
7051,8
7052,2
7053,13
7054,5
7055,11
7056,24
7057,8
7058,2
7059,7
7060,6
7061,2
7062,4
7063,11
7064,8
7065,16
7066,1
7067,15
7068,1
7069,4
7070,8
7071,15
7072,11
7073,2
7074,3
7075,4
7076,6
7077,7
7078,7
7079,6
7080,18
7081,3
7082,2
7083,5
7084,8
7085,7
7086,20
7087,2
7088,15
7089,4
7090,27
7091,13
7092,7
7093,4
7094,20
7095,54
7096,5
7097,22
7098,28
7099,45
7100,44
7101,14
7102,6
7103,5
7104,3
7105,4
7106,13
7107,10
7108,72
7109,5
7110,7
7111,2
7112,28
7113,8
7114,2
7115,5
7116,7
7117,32
7118,29
7119,13
7120,4
7121,3
7122,4
7123,8
7124,26
7125,3
7126,7
7127,12
7128,4
7129,9
7130,1
7131,4
7132,3
7133,20
7134,3
7135,2
7136,45
7137,2
7138,5
7139,6
7140,2
7141,4
7142,14
7143,4
7144,25
7145,2
7146,3
7147,10
7148,23
7149,11
7150,10
7151,4
7152,4
7153,22
7154,6
7155,22
7156,6
7157,84
7158,15
7159,3
7160,7
7161,13
7162,9
7163,22
7164,17
7165,2
7166,5
7167,8
7168,42
7169,14
7170,6
7171,21
7172,6
7173,3
7174,20
7175,2
7176,7
7177,10
7178,21
7179,14
7180,69
7181,5
7182,17
7183,16
7184,14
7185,5
7186,9
7187,24
7188,4
7189,12
7190,6
7191,25
7192,1
7193,27
7194,4
7195,4
7196,6
7197,16
7198,15
7199,9
7200,2
7201,12
7202,23
7203,30
7204,24
7205,41
7206,31
7207,20
7208,5
7209,27
7210,13
7211,38
7212,6
7213,4
7214,15
7215,2
7216,2
7217,6
7218,9
7219,2
7220,9
7221,7
7222,11
7223,11
7224,10
7225,21
7226,6
7227,6
7228,13
7229,6
7230,5
7231,11
7232,4
7233,32
7234,2
7235,31
7236,17
7237,11
7238,33
7239,7
7240,11
7241,9
7242,2
7243,30
7244,15
7245,7
7246,10
7247,4
7248,3
7249,4
7250,18
7251,11
7252,29
7253,37
7254,6
7255,34
7256,4
7257,4
7258,1
7259,11
7260,12
7261,37
7262,7
7263,5
7264,7
7265,9
7266,4
7267,10
7268,6
7269,2
7270,24
7271,2
7272,2
7273,6
7274,21
7275,27
7276,20
7277,7
7278,4
7279,4
7280,15
7281,12
7282,9
7283,7
7284,5
7285,4
7286,12
7287,9
7288,13
7289,2
7290,2
7291,18
7292,5
7293,5
7294,7
7295,5
7296,2
7297,14
7298,2
7299,5
7300,16
7301,2
7302,1
7303,43
7304,10
7305,4
7306,10
7307,2
7308,14
7309,13
7310,10
7311,4
7312,15
7313,8
7314,9
7315,31
7316,1
7317,38
7318,10
7319,10
7320,10
7321,10
7322,30
7323,14
7324,8
7325,14
7326,4
7327,22
7328,6
7329,1
7330,4
7331,8
7332,5
7333,25
7334,4
7335,32
7336,7
7337,1
7338,4
7339,14
7340,8
7341,8
7342,2
7343,7
7344,25
7345,22
7346,9
7347,10
7348,13
7349,60
7350,8
7351,14
7352,20
7353,10
7354,4
7355,13
7356,18
7357,21
7358,5
7359,8
7360,12
7361,8
7362,8
7363,3
7364,8
7365,42
7366,33
7367,24
7368,5
7369,3
7370,6
7371,14
7372,7
7373,7
7374,30
7375,22
7376,4
7377,28
7378,9
7379,24
7380,46
7381,41
7382,23
7383,13
7384,37
7385,37
7386,10
7387,6
7388,20
7389,8
7390,20
7391,4
7392,48
7393,8
7394,9
7395,9
7396,14
7397,10
7398,10
7399,5
7400,4
7401,2
7402,16
7403,10
7404,12
7405,39
7406,3
7407,12
7408,16
7409,8
7410,8
7411,21
7412,31
7413,2
7414,5
7415,41
7416,9
7417,4
7418,4
7419,24
7420,17
7421,17
7422,102
7423,2
7424,3
7425,16
7426,16
7427,22
7428,12
7429,26
7430,24
7431,6
7432,2
7433,12
7434,2
7435,8
7436,11
7437,2
7438,31
7439,19
7440,14
7441,8
7442,14
7443,1
7444,18
7445,36
7446,6
7447,18
7448,3
7449,25
7450,14
7451,10
7452,4
7453,3
7454,9
7455,5
7456,22
7457,4
7458,31
7459,15
7460,4
7461,2
7462,30
7463,11
7464,46
7465,4
7466,22
7467,4
7468,2
7469,12
7470,13
7471,29
7472,28
7473,6
7474,3
7475,14
7476,3
7477,2
7478,8
7479,1
7480,5
7481,3
7482,10
7483,2
7484,12
7485,2
7486,2
7487,11
7488,15
7489,6
7490,12
7491,3
7492,8
7493,8
7494,4
7495,13
7496,2
7497,6
7498,13
7499,2
7500,7
7501,4
7502,2
7503,6
7504,11
7505,2
7506,29
7507,2
7508,4
7509,5
7510,24
7511,1
7512,30
7513,8
7514,2
7515,4
7516,4
7517,3
7518,42
7519,4
7520,3
7521,15
7522,4
7523,11
7524,12
7525,8
7526,9
7527,1
7528,2
7529,34
7530,7
7531,16
7532,16
7533,4
7534,10
7535,10
7536,2
7537,39
7538,7
7539,8
7540,8
7541,16
7542,18
7543,13
7544,4
7545,26
7546,20
7547,1
7548,35
7549,16
7550,61
7551,5
7552,14
7553,3
7554,30
7555,7
7556,44
7557,24
7558,8
7559,9
7560,4
7561,3
7562,21
7563,10
7564,12
7565,32
7566,2
7567,2
7568,25
7569,5
7570,6
7571,14
7572,9
7573,16
7574,2
7575,5
7576,13
7577,3
7578,8
7579,14
7580,22
7581,6
7582,2
7583,3
7584,16
7585,34
7586,12
7587,7
7588,4
7589,11
7590,6
7591,12
7592,16
7593,10
7594,5
7595,13
7596,13
7597,29
7598,4
7599,2
7600,8
7601,24
7602,2
7603,18
7604,10
7605,4
7606,21
7607,6
7608,15
7609,3
7610,3
7611,3
7612,10
7613,16
7614,49
7615,8
7616,7
7617,26
7618,4
7619,5
7620,46
7621,30
7622,41
7623,21
7624,2
7625,2
7626,33
7627,48
7628,20
7629,14
7630,8
7631,18
7632,14
7633,28
7634,1
7635,25
7636,20
7637,2
7638,2
7639,2
7640,15
7641,5
7642,12
7643,4
7644,14
7645,2
7646,30
7647,6
7648,16
7649,2
7650,49
7651,44
7652,4
7653,38
7654,26
7655,6
7656,5
7657,6
7658,12
7659,67
7660,29
7661,16
7662,19
7663,2
7664,15
7665,3
7666,83
7667,6
7668,92
7669,26
7670,2
7671,14
7672,2
7673,39
7674,3
7675,34
7676,18
7677,19
7678,14
7679,11
7680,20
7681,38
7682,5
7683,27
7684,20
7685,2
7686,29
7687,58
7688,38
7689,20
7690,2
7691,12
7692,3
7693,15
7694,2
7695,9
7696,12
7697,30
7698,4
7699,8
7700,4
7701,5
7702,20
7703,8
7704,18
7705,10
7706,18
7707,10
7708,45
7709,4
7710,40
7711,10
7712,6
7713,3
7714,7
7715,10
7716,6
7717,15
7718,1
7719,14
7720,50
7721,17
7722,15
7723,11
7724,17
7725,5
7726,2
7727,22
7728,21
7729,21
7730,8
7731,20
7732,12
7733,3
7734,12
7735,20
7736,2
7737,107
7738,1
7739,9
7740,2
7741,12
7742,2
7743,76
7744,38
7745,8
7746,5
7747,28
7748,16
7749,58
7750,18
7751,2
7752,51
7753,5
7754,38
7755,2
7756,3
7757,6
7758,14
7759,15
7760,3
7761,1
7762,4
7763,2
7764,11
7765,14
7766,2
7767,26
7768,4
7769,18
7770,6
7771,8
7772,21
7773,1
7774,2
7775,10
7776,6
7777,2
7778,11
7779,23
7780,2
7781,35
7782,2
7783,12
7784,3
7785,40
7786,14
7787,5
7788,1
7789,14
7790,4
7791,2
7792,9
7793,7
7794,18
7795,50
7796,4
7797,6
7798,9
7799,41
7800,10
7801,23
7802,17
7803,12
7804,12
7805,5
7806,26
7807,18
7808,21
7809,6
7810,10
7811,34
7812,18
7813,7
7814,40
7815,14
7816,4
7817,5
7818,8
7819,8
7820,15
7821,14
7822,32
7823,12
7824,36
7825,2
7826,16
7827,62
7828,15
7829,51
7830,4
7831,17
7832,8
7833,2
7834,12
7835,1
7836,12
7837,4
7838,20
7839,6
7840,32
7841,4
7842,4
7843,6
7844,22
7845,10
7846,5
7847,5
7848,2
7849,2
7850,30
7851,18
7852,24
7853,2
7854,23
7855,2
7856,10
7857,14
7858,13
7859,8
7860,28
7861,6
7862,8
7863,51
7864,6
7865,12
7866,2
7867,6
7868,2
7869,4
7870,3
7871,2
7872,17
7873,31
7874,18
7875,5
7876,16
7877,1
7878,16
7879,9
7880,2
7881,8
7882,15
7883,6
7884,10
7885,3
7886,13
7887,6
7888,6
7889,10
7890,1
7891,15
7892,6
7893,9
7894,4
7895,19
7896,4
7897,32
7898,18
7899,14
7900,6
7901,10
7902,2
7903,2
7904,2
7905,10
7906,16
7907,2
7908,28
7909,5
7910,2
7911,10
7912,28
7913,6
7914,25
7915,10
7916,22
7917,2
7918,25
7919,25
7920,22
7921,38
7922,4
7923,24
7924,6
7925,12
7926,22
7927,16
7928,39
7929,8
7930,14
7931,44
7932,4
7933,10
7934,12
7935,2
7936,40
7937,41
7938,11
7939,45
7940,7
7941,12
7942,30
7943,6
7944,18
7945,24
7946,12
7947,27
7948,3
7949,2
7950,21
7951,4
7952,17
7953,12
7954,22
7955,13
7956,11
7957,4
7958,8
7959,7
7960,29
7961,1
7962,2
7963,20
7964,4
7965,3
7966,2
7967,2
7968,3
7969,2
7970,2
7971,20
7972,3
7973,3
7974,3
7975,4
7976,14
7977,2
7978,2
7979,1
7980,9
7981,8
7982,2
7983,3
7984,6
7985,2
7986,3
7987,1
7988,4
7989,6
7990,6
7991,18
7992,1
7993,10
7994,5
7995,1
7996,2
7997,28
7998,4
7999,12
8000,17
8001,16
8002,24
8003,4
8004,8
8005,2
8006,6
8007,6
8008,13
8009,2
8010,14
8011,3
8012,11
8013,47
8014,22
8015,4
8016,3
8017,5
8018,13
8019,8
8020,1
8021,7
8022,15
8023,15
8024,4
8025,4
8026,8
8027,4
8028,18
8029,2
8030,19
8031,5
8032,4
8033,8
8034,16
8035,32
8036,21
8037,37
8038,8
8039,2
8040,70
8041,4
8042,10
8043,8
8044,12
8045,52
8046,11
8047,8
8048,2
8049,6
8050,8
8051,2
8052,10
8053,18
8054,2
8055,6
8056,1
8057,1
8058,13
8059,16
8060,1
8061,2
8062,6
8063,24
8064,8
8065,2
8066,1
8067,4
8068,12
8069,3
8070,8
8071,10
8072,5
8073,1
8074,17
8075,26
8076,2
8077,1
8078,8
8079,3
8080,1
8081,4
8082,3
8083,2
8084,6
8085,2
8086,3
8087,15
8088,8
8089,2
8090,5
8091,11
8092,9
8093,6
8094,20
8095,4
8096,15
8097,4
8098,2
8099,12
8100,11
8101,19
8102,22
8103,2
8104,12
8105,2
8106,2
8107,24
8108,25
8109,2
8110,4
8111,2
8112,14
8113,8
8114,5
8115,2
8116,2
8117,36
8118,6
8119,11
8120,8
8121,13
8122,8
8123,4
8124,10
8125,8
8126,10
8127,5
8128,2
8129,20
8130,7
8131,7
8132,15
8133,8
8134,2
8135,4
8136,2
8137,2
8138,50
8139,14
8140,34
8141,1
8142,43
8143,19
8144,2
8145,30
8146,18
8147,2
8148,5
8149,39
8150,2
8151,6
8152,47
8153,10
8154,8
8155,3
8156,16
8157,26
8158,6
8159,6
8160,2
8161,9
8162,10
8163,14
8164,14
8165,1
8166,30
8167,4
8168,8
8169,15
8170,12
8171,16
8172,20
8173,8
8174,5
8175,14
8176,4
8177,12
8178,5
8179,15
8180,28
8181,5
8182,26
8183,3
8184,4
8185,18
8186,22
8187,11
8188,16
8189,4
8190,4
8191,2
8192,29
8193,3
8194,7
8195,14
8196,1
8197,2
8198,2
8199,9
8200,9
8201,16
8202,2
8203,4
8204,7
8205,14
8206,2
8207,20
8208,40
8209,12
8210,18
8211,7
8212,5
8213,7
8214,19
8215,17
8216,6
8217,3
8218,6
8219,12
8220,16
8221,10
8222,6
8223,2
8224,4
8225,17
8226,3
8227,10
8228,2
8229,7
8230,10
8231,1
8232,17
8233,2
8234,6
8235,14
8236,33
8237,6
8238,7
8239,20
8240,40
8241,17
8242,39
8243,8
8244,42
8245,8
8246,13
8247,4
8248,36
8249,4
8250,18
8251,25
8252,12
8253,14
8254,7
8255,4
8256,4
8257,28
8258,12
8259,11
8260,10
8261,20
8262,6
8263,8
8264,6
8265,13
8266,21
8267,10
8268,6
8269,2
8270,1
8271,5
8272,2
8273,3
8274,11
8275,5
8276,34
8277,2
8278,4
8279,22
8280,3
8281,2
8282,2
8283,10
8284,16
8285,2
8286,16
8287,13
8288,8
8289,8
8290,7
8291,15
8292,2
8293,4
8294,5
8295,9
8296,29
8297,5
8298,10
8299,16
8300,5
8301,18
8302,2
8303,2
8304,14
8305,5
8306,31
8307,6
8308,3
8309,8
8310,21
8311,4
8312,16
8313,6
8314,13
8315,22
8316,6
8317,9
8318,6
8319,2
8320,29
8321,2
8322,2
8323,4
8324,9
8325,10
8326,12
8327,23
8328,2
8329,3
8330,15
8331,3
8332,9
8333,2
8334,33
8335,2
8336,24
8337,32
8338,2
8339,1
8340,12
8341,2
8342,2
8343,28
8344,14
8345,26
8346,6
8347,8
8348,16
8349,6
8350,44
8351,8
8352,14
8353,9
8354,2
8355,14
8356,3
8357,4
8358,9
8359,13
8360,33
8361,18
8362,12
8363,4
8364,4
8365,2
8366,30
8367,7
8368,2
8369,16
8370,3
8371,12
8372,8
8373,7
8374,10
8375,5
8376,25
8377,32
8378,5
8379,4
8380,46
8381,6
8382,2
8383,3
8384,2
8385,6
8386,18
8387,35
8388,19
8389,33
8390,2
8391,2
8392,12
8393,4
8394,50
8395,6
8396,4
8397,12
8398,9
8399,27
8400,70
8401,11
8402,2
8403,18
8404,16
8405,12
8406,25
8407,44
8408,20
8409,2
8410,14
8411,4
8412,6
8413,4
8414,2
8415,6
8416,5
8417,2
8418,2
8419,22
8420,22
8421,8
8422,13
8423,18
8424,22
8425,9
8426,8
8427,9
8428,3
8429,2
8430,12
8431,8
8432,10
8433,4
8434,14
8435,2
8436,5
8437,5
8438,19
8439,10
8440,7
8441,9
8442,0
8443,2
8444,6
8445,2
8446,19
8447,3
8448,3
8449,4
8450,7
8451,42
8452,24
8453,24
8454,13
8455,18
8456,25
8457,3
8458,6
8459,18
8460,12
8461,27
8462,4
8463,2
8464,2
8465,22
8466,3
8467,14
8468,34
8469,39
8470,42
8471,14
8472,41
8473,2
8474,4
8475,28
8476,14
8477,2
8478,4
8479,4
8480,13
8481,13
8482,4
8483,8
8484,6
8485,2
8486,8
8487,35
8488,4
8489,5
8490,28
8491,6
8492,46
8493,7
8494,13
8495,3
8496,2
8497,12
8498,14
8499,4
8500,4
8501,22
8502,53
8503,5
8504,4
8505,10
8506,18
8507,5
8508,23
8509,6
8510,4
8511,16
8512,3
8513,18
8514,14
8515,17
8516,8
8517,24
8518,40
8519,16
8520,14
8521,20
8522,36
8523,9
8524,9
8525,17
8526,11
8527,5
8528,2
8529,4
8530,36
8531,6
8532,7
8533,10
8534,8
8535,1
8536,2
8537,18
8538,3
8539,5
8540,6
8541,16
8542,7
8543,14
8544,6
8545,11
8546,19
8547,6
8548,23
8549,16
8550,21
8551,2
8552,16
8553,23
8554,10
8555,6
8556,12
8557,2
8558,4
8559,14
8560,10
8561,34
8562,7
8563,9
8564,12
8565,4
8566,2
8567,26
8568,3
8569,11
8570,17
8571,3
8572,1
8573,34
8574,16
8575,22
8576,28
8577,5
8578,6
8579,1
8580,18
8581,12
8582,2
8583,34
8584,25
8585,5
8586,6
8587,8
8588,4
8589,5
8590,4
8591,14
8592,24
8593,27
8594,13
8595,22
8596,17
8597,50
8598,6
8599,35
8600,14
8601,9
8602,5
8603,13
8604,3
8605,15
8606,32
8607,6
8608,8
8609,14
8610,12
8611,8
8612,8
8613,2
8614,4
8615,10
8616,10
8617,9
8618,26
8619,1
8620,7
8621,19
8622,7
8623,36
8624,2
8625,16
8626,6
8627,8
8628,10
8629,28
8630,10
8631,16
8632,18
8633,27
8634,10
8635,20
8636,26
8637,5
8638,13
8639,10
8640,22
8641,7
8642,5
8643,7
8644,21
8645,30
8646,7
8647,4
8648,6
8649,2
8650,11
8651,10
8652,23
8653,6
8654,6
8655,30
8656,14
8657,10
8658,9
8659,4
8660,6
8661,2
8662,6
8663,61
8664,2
8665,18
8666,2
8667,45
8668,3
8669,24
8670,11
8671,12
8672,17
8673,2
8674,16
8675,37
8676,13
8677,3
8678,13
8679,6
8680,20
8681,26
8682,11
8683,2
8684,4
8685,28
8686,4
8687,34
8688,34
8689,6
8690,48
8691,38
8692,12
8693,58
8694,3
8695,13
8696,46
8697,3
8698,8
8699,11
8700,14
8701,8
8702,16
8703,19
8704,4
8705,5
8706,9
8707,12
8708,2
8709,2
8710,6
8711,14
8712,5
8713,10
8714,2
8715,17
8716,10
8717,65
8718,12
8719,30
8720,2
8721,10
8722,34
8723,33
8724,6
8725,3
8726,20
8727,6
8728,20
8729,2
8730,10
8731,5
8732,14
8733,8
8734,30
8735,6
8736,10
8737,5
8738,14
8739,5
8740,18
8741,2
8742,11
8743,20
8744,4
8745,2
8746,12
8747,2
8748,1
8749,9
8750,2
8751,8
8752,21
8753,5
8754,4
8755,23
8756,1
8757,20
8758,20
8759,15
8760,2
8761,28
8762,3
8763,16
8764,4
8765,36
8766,5
8767,2
8768,76
8769,13
8770,4
8771,2
8772,2
8773,17
8774,8
8775,9
8776,6
8777,14
8778,22
8779,9
8780,25
8781,2
8782,21
8783,21
8784,9
8785,34
8786,20
8787,18
8788,8
8789,7
8790,2
8791,13
8792,3
8793,14
8794,13
8795,12
8796,10
8797,8
8798,41
8799,4
8800,9
8801,38
8802,2
8803,2
8804,31
8805,22
8806,22
8807,4
8808,13
8809,8
8810,26
8811,26
8812,8
8813,56
8814,5
8815,8
8816,14
8817,32
8818,2
8819,7
8820,7
8821,21
8822,5
8823,13
8824,20
8825,1
8826,4
8827,8
8828,42
8829,8
8830,15
8831,8
8832,16
8833,12
8834,14
8835,8
8836,13
8837,6
8838,31
8839,5
8840,46
8841,3
8842,9
8843,32
8844,7
8845,5
8846,6
8847,8
8848,20
8849,1
8850,2
8851,22
8852,2
8853,11
8854,8
8855,17
8856,2
8857,44
8858,4
8859,22
8860,2
8861,18
8862,18
8863,15
8864,14
8865,4
8866,13
8867,9
8868,3
8869,10
8870,15
8871,4
8872,10
8873,2
8874,2
8875,18
8876,33
8877,1
8878,14
8879,8
8880,63
8881,7
8882,4
8883,4
8884,2
8885,11
8886,5
8887,7
8888,3
8889,18
8890,16
8891,8
8892,55
8893,14
8894,21
8895,4
8896,17
8897,4
8898,4
8899,23
8900,22
8901,6
8902,6
8903,18
8904,2
8905,9
8906,3
8907,5
8908,8
8909,8
8910,3
8911,3
8912,6
8913,6
8914,4
8915,5
8916,19
8917,96
8918,6
8919,2
8920,2
8921,3
8922,15
8923,66
8924,1
8925,15
8926,4
8927,34
8928,3
8929,26
8930,18
8931,4
8932,10
8933,9
8934,3
8935,54
8936,27
8937,5
8938,25
8939,22
8940,7
8941,10
8942,16
8943,74
8944,13
8945,31
8946,2
8947,12
8948,6
8949,4
8950,5
8951,6
8952,12
8953,14
8954,9
8955,4
8956,2
8957,0
8958,3
8959,15
8960,12
8961,13
8962,32
8963,4
8964,27
8965,2
8966,16
8967,5
8968,18
8969,10
8970,14
8971,2
8972,46
8973,34
8974,13
8975,25
8976,30
8977,14
8978,13
8979,36
8980,22
8981,4
8982,6
8983,7
8984,4
8985,62
8986,7
8987,16
8988,31
8989,4
8990,36
8991,26
8992,4
8993,23
8994,6
8995,4
8996,2
8997,12
8998,7
8999,16
9000,32
9001,26
9002,4
9003,2
9004,10
9005,50
9006,24
9007,11
9008,3
9009,26
9010,8
9011,6
9012,8
9013,4
9014,29
9015,54
9016,24
9017,2
9018,6
9019,12
9020,2
9021,20
9022,22
9023,9
9024,35
9025,2
9026,6
9027,10
9028,3
9029,19
9030,8
9031,2
9032,14
9033,4
9034,24
9035,2
9036,44
9037,20
9038,18
9039,27
9040,6
9041,24
9042,14
9043,4
9044,18
9045,26
9046,4
9047,2
9048,28
9049,2
9050,7
9051,12
9052,8
9053,9
9054,30
9055,12
9056,7
9057,10
9058,1
9059,22
9060,5
9061,11
9062,12
9063,6
9064,20
9065,4
9066,2
9067,6
9068,16
9069,20
9070,7
9071,3
9072,14
9073,1
9074,52
9075,8
9076,26
9077,10
9078,29
9079,6
9080,6
9081,1
9082,68
9083,6
9084,2
9085,79
9086,38
9087,24
9088,4
9089,12
9090,6
9091,10
9092,12
9093,7
9094,22
9095,9
9096,4
9097,10
9098,6
9099,2
9100,9
9101,12
9102,10
9103,10
9104,20
9105,20
9106,22
9107,17
9108,14
9109,11
9110,3
9111,6
9112,32
9113,36
9114,4
9115,9
9116,11
9117,28
9118,5
9119,10
9120,9
9121,6
9122,18
9123,1
9124,21
9125,26
9126,18
9127,3
9128,10
9129,10
9130,11
9131,14
9132,2
9133,2
9134,10
9135,2
9136,12
9137,42
9138,9
9139,2
9140,17
9141,18
9142,20
9143,20
9144,36
9145,17
9146,4
9147,2
9148,12
9149,21
9150,25
9151,5
9152,9
9153,6
9154,10
9155,7
9156,12
9157,8
9158,6
9159,27
9160,4
9161,3
9162,4
9163,11
9164,4
9165,10
9166,2
9167,8
9168,15
9169,4
9170,31
9171,2
9172,11
9173,23
9174,7
9175,5
9176,2
9177,13
9178,73
9179,12
9180,14
9181,2
9182,13
9183,2
9184,2
9185,2
9186,6
9187,5
9188,10
9189,2
9190,28
9191,14
9192,4
9193,8
9194,4
9195,2
9196,3
9197,2
9198,3
9199,1
9200,45
9201,10
9202,52
9203,8
9204,10
9205,2
9206,15
9207,20
9208,4
9209,27
9210,2
9211,64
9212,30
9213,8
9214,12
9215,2
9216,8
9217,22
9218,30
9219,3
9220,42
9221,2
9222,9
9223,7
9224,2
9225,46
9226,6
9227,20
9228,11
9229,10
9230,22
9231,24
9232,8
9233,29
9234,36
9235,5
9236,26
9237,6
9238,15
9239,12
9240,10
9241,23
9242,59
9243,2
9244,12
9245,42
9246,8
9247,56
9248,18
9249,8
9250,7
9251,2
9252,40
9253,7
9254,12
9255,4
9256,7
9257,16
9258,12
9259,28
9260,32
9261,5
9262,34
9263,20
9264,8
9265,11
9266,16
9267,4
9268,31
9269,5
9270,9
9271,38
9272,35
9273,15
9274,11
9275,8
9276,8
9277,12
9278,14
9279,2
9280,9
9281,18
9282,10
9283,19
9284,16
9285,57
9286,15
9287,36
9288,4
9289,9
9290,2
9291,2
9292,9
9293,8
9294,18
9295,13
9296,6
9297,3
9298,2
9299,2
9300,15
9301,9
9302,18
9303,16
9304,7
9305,6
9306,2
9307,8
9308,10
9309,19
9310,9
9311,29
9312,14
9313,6
9314,11
9315,19
9316,4
9317,3
9318,14
9319,3
9320,28
9321,30
9322,18
9323,14
9324,30
9325,15
9326,2
9327,9
9328,19
9329,12
9330,12
9331,2
9332,4
9333,79
9334,16
9335,27
9336,4
9337,4
9338,53
9339,8
9340,2
9341,19
9342,33
9343,4
9344,15
9345,9
9346,2
9347,2
9348,20
9349,8
9350,6
9351,20
9352,2
9353,1
9354,30
9355,21
9356,25
9357,40
9358,30
9359,3
9360,1
9361,4
9362,17
9363,44
9364,22
9365,7
9366,19
9367,24
9368,16
9369,13
9370,2
9371,1
9372,6
9373,2
9374,42
9375,1
9376,17
9377,6
9378,14
9379,3
9380,6
9381,12
9382,36
9383,4
9384,7
9385,2
9386,25
9387,2
9388,2
9389,11
9390,11
9391,9
9392,7
9393,16
9394,13
9395,2
9396,24
9397,10
9398,13
9399,8
9400,5
9401,1
9402,4
9403,70
9404,10
9405,16
9406,6
9407,10
9408,16
9409,6
9410,11
9411,5
9412,21
9413,34
9414,23
9415,4
9416,1
9417,9
9418,5
9419,3
9420,15
9421,12
9422,8
9423,12
9424,26
9425,10
9426,8
9427,48
9428,12
9429,14
9430,16
9431,16
9432,2
9433,1
9434,12
9435,12
9436,24
9437,4
9438,36
9439,5
9440,8
9441,5
9442,24
9443,19
9444,14
9445,11
9446,2
9447,17
9448,50
9449,1
9450,31
9451,9
9452,2
9453,4
9454,2
9455,6
9456,6
9457,3
9458,26
9459,12
9460,16
9461,4
9462,2
9463,3
9464,7
9465,3
9466,14
9467,2
9468,15
9469,4
9470,22
9471,3
9472,25
9473,12
9474,7
9475,8
9476,3
9477,6
9478,8
9479,9
9480,4
9481,15
9482,4
9483,5
9484,28
9485,22
9486,8
9487,8
9488,6
9489,2
9490,10
9491,6
9492,15
9493,14
9494,7
9495,1
9496,5
9497,3
9498,8
9499,4
9500,2
9501,7
9502,10
9503,29
9504,46
9505,11
9506,6
9507,3
9508,10
9509,12
9510,2
9511,4
9512,15
9513,25
9514,12
9515,5
9516,5
9517,38
9518,28
9519,5
9520,27
9521,7
9522,19
9523,7
9524,7
9525,15
9526,11
9527,8
9528,25
9529,19
9530,17
9531,64
9532,32
9533,2
9534,9
9535,28
9536,7
9537,8
9538,3
9539,44
9540,29
9541,1
9542,7
9543,50
9544,5
9545,12
9546,20
9547,2
9548,37
9549,28
9550,3
9551,23
9552,3
9553,25
9554,18
9555,16
9556,48
9557,22
9558,18
9559,1
9560,11
9561,2
9562,27
9563,9
9564,10
9565,10
9566,2
9567,13
9568,28
9569,6
9570,17
9571,15
9572,12
9573,11
9574,2
9575,5
9576,21
9577,24
9578,15
9579,8
9580,1
9581,32
9582,2
9583,6
9584,57
9585,21
9586,6
9587,2
9588,13
9589,46
9590,18
9591,6
9592,86
9593,2
9594,17
9595,19
9596,14
9597,21
9598,60
9599,9
9600,33
9601,33
9602,12
9603,61
9604,50
9605,74
9606,4
9607,16
9608,20
9609,6
9610,8
9611,3
9612,8
9613,5
9614,4
9615,3
9616,3
9617,42
9618,7
9619,12
9620,16
9621,9
9622,18
9623,6
9624,21
9625,36
9626,46
9627,17
9628,20
9629,14
9630,2
9631,16
9632,20
9633,8
9634,21
9635,13
9636,5
9637,12
9638,6
9639,46
9640,13
9641,3
9642,3
9643,18
9644,4
9645,19
9646,2
9647,20
9648,28
9649,2
9650,14
9651,8
9652,6
9653,6
9654,6
9655,13
9656,6
9657,5
9658,17
9659,39
9660,58
9661,20
9662,8
9663,14
9664,15
9665,30
9666,30
9667,3
9668,5
9669,4
9670,2
9671,6
9672,2
9673,7
9674,23
9675,49
9676,3
9677,12
9678,1
9679,26
9680,3
9681,37
9682,18
9683,14
9684,14
9685,17
9686,15
9687,11
9688,4
9689,19
9690,16
9691,32
9692,20
9693,17
9694,10
9695,2
9696,10
9697,18
9698,7
9699,10
9700,61
9701,69
9702,26
9703,6
9704,20
9705,40
9706,36
9707,4
9708,9
9709,2
9710,5
9711,27
9712,17
9713,9
9714,2
9715,6
9716,8
9717,10
9718,38
9719,7
9720,4
9721,76
9722,19
9723,2
9724,26
9725,36
9726,32
9727,18
9728,3
9729,6
9730,24
9731,24
9732,6
9733,8
9734,10
9735,28
9736,7
9737,3
9738,21
9739,8
9740,6
9741,7
9742,6
9743,15
9744,13
9745,10
9746,57
9747,8
9748,2
9749,41
9750,1
9751,12
9752,39
9753,12
9754,4
9755,3
9756,14
9757,17
9758,15
9759,44
9760,11
9761,18
9762,54
9763,44
9764,26
9765,6
9766,6
9767,6
9768,15
9769,20
9770,17
9771,6
9772,2
9773,4
9774,14
9775,106
9776,20
9777,30
9778,29
9779,8
9780,18
9781,27
9782,8
9783,93
9784,14
9785,4
9786,22
9787,9
9788,1
9789,5
9790,8
9791,2
9792,5
9793,1
9794,8
9795,15
9796,12
9797,8
9798,8
9799,13
9800,55
9801,8
9802,1
9803,7
9804,8
9805,24
9806,30
9807,7
9808,30
9809,26
9810,3
9811,26
9812,10
9813,2
9814,2
9815,16
9816,1
9817,24
9818,21
9819,3
9820,4
9821,5
9822,14
9823,36
9824,31
9825,8
9826,2
9827,22
9828,10
9829,19
9830,18
9831,24
9832,10
9833,3
9834,10
9835,1
9836,5
9837,25
9838,2
9839,42
9840,12
9841,9
9842,5
9843,22
9844,1
9845,4
9846,8
9847,16
9848,5
9849,5
9850,14
9851,14
9852,2
9853,2
9854,2
9855,15
9856,1
9857,6
9858,16
9859,8
9860,13
9861,10
9862,6
9863,6
9864,4
9865,22
9866,3
9867,8
9868,12
9869,2
9870,11
9871,1
9872,38
9873,16
9874,1
9875,3
9876,7
9877,4
9878,4
9879,13
9880,24
9881,25
9882,27
9883,3
9884,2
9885,28
9886,9
9887,19
9888,6
9889,8
9890,12
9891,2
9892,5
9893,11
9894,4
9895,6
9896,4
9897,2
9898,16
9899,40
9900,9
9901,20
9902,8
9903,3
9904,2
9905,3
9906,34
9907,3
9908,56
9909,13
9910,2
9911,14
9912,2
9913,32
9914,14
9915,2
9916,2
9917,24
9918,14
9919,16
9920,22
9921,3
9922,85
9923,7
9924,4
9925,11
9926,4
9927,21
9928,9
9929,40
9930,42
9931,2
9932,2
9933,8
9934,44
9935,2
9936,43
9937,49
9938,2
9939,11
9940,93
9941,72
9942,4
9943,9
9944,2
9945,11
9946,12
9947,14
9948,2
9949,18
9950,6
9951,4
9952,8
9953,6
9954,3
9955,14
9956,4
9957,12
9958,3
9959,21
9960,2
9961,7
9962,3
9963,10
9964,29
9965,25
9966,1
9967,14
9968,3
9969,3
9970,3
9971,3
9972,32
9973,5
9974,20
9975,58
9976,27
9977,4
9978,72
9979,19
9980,11
9981,5
9982,10
9983,4
9984,2
9985,6
9986,4
9987,14
9988,14
9989,35
9990,5
9991,20
9992,14
9993,15
9994,22
9995,24
9996,10
9997,2
9998,10
9999,37
10000,27
10001,37
10002,18
10003,11
10004,1
10005,18
10006,32
10007,14
10008,22
10009,12
10010,2
10011,10
10012,12
10013,3
10014,6
10015,22
10016,4
10017,10
10018,82
10019,26
10020,6
10021,4
10022,3
10023,6
10024,20
10025,27
10026,16
10027,18
10028,14
10029,6
10030,8
10031,2
10032,3
10033,4
10034,11
10035,6
10036,2
10037,16
10038,8
10039,3
10040,9
10041,11
10042,2
10043,5
10044,3
10045,4
10046,7
10047,7
10048,4
10049,10
10050,7
10051,3
10052,13
10053,3
10054,4
10055,14
10056,20
10057,3
10058,13
10059,8
10060,16
10061,4
10062,5
10063,5
10064,3
10065,3
10066,7
10067,8
10068,4
10069,3
10070,56
10071,16
10072,5
10073,3
10074,4
10075,12
10076,16
10077,12
10078,11
10079,6
10080,12
10081,13
10082,3
10083,19
10084,1
10085,3
10086,5
10087,26
10088,40
10089,4
10090,18
10091,6
10092,10
10093,8
10094,8
10095,11
10096,12
10097,10
10098,34
10099,4
10100,4
10101,18
10102,18
10103,15
10104,8
10105,17
10106,8
10107,7
10108,12
10109,6
10110,2
10111,1
10112,4
10113,9
10114,8
10115,18
10116,26
10117,5
10118,25
10119,4
10120,2
10121,1
10122,3
10123,10
10124,4
10125,20
10126,20
10127,4
10128,4
10129,3
10130,15
10131,2
10132,41
10133,11
10134,7
10135,8
10136,1
10137,2
10138,4
10139,5
10140,13
10141,2
10142,13
10143,8
10144,12
10145,2
10146,7
10147,21
10148,2
10149,6
10150,13
10151,4
10152,13
10153,2
10154,15
10155,17
10156,21
10157,5
10158,26
10159,14
10160,6
10161,3
10162,8
10163,15
10164,4
10165,13
10166,2
10167,3
10168,6
10169,10
10170,1
10171,2
10172,13
10173,7
10174,2
10175,12
10176,5
10177,7
10178,2
10179,13
10180,2
10181,14
10182,8
10183,4
10184,5
10185,13
10186,5
10187,4
10188,30
10189,5
10190,5
10191,2
10192,3
10193,17
10194,8
10195,10
10196,1
10197,10
10198,5
10199,26
10200,2
10201,7
10202,30
10203,25
10204,6
10205,25
10206,6
10207,14
10208,10
10209,40
10210,11
10211,11
10212,30
10213,11
10214,20
10215,3
10216,2
10217,31
10218,12
10219,14
10220,13
10221,17
10222,13
10223,4
10224,9
10225,8
10226,8
10227,7
10228,2
10229,4
10230,7
10231,7
10232,12
10233,17
10234,1
10235,16
10236,28
10237,8
10238,11
10239,11
10240,8
10241,14
10242,11
10243,13
10244,4
10245,12
10246,10
10247,10
10248,3
10249,7
10250,15
10251,2
10252,12
10253,11
10254,18
10255,12
10256,25
10257,6
10258,4
10259,9
10260,26
10261,21
10262,2
10263,2
10264,6
10265,22
10266,23
10267,8
10268,5
10269,2
10270,4
10271,6
10272,8
10273,11
10274,6
10275,1
10276,26
10277,5
10278,6
10279,8
10280,10
10281,24
10282,13
10283,16
10284,7
10285,21
10286,5
10287,24
10288,20
10289,26
10290,4
10291,5
10292,5
10293,2
10294,15
10295,9
10296,12
10297,6
10298,44
10299,16
10300,17
10301,9
10302,12
10303,5
10304,2
10305,12
10306,3
10307,5
10308,6
10309,2
10310,12
10311,19
10312,17
10313,9
10314,5
10315,7
10316,8
10317,8
10318,2
10319,2
10320,3
10321,8
10322,5
10323,16
10324,9
10325,8
10326,1
10327,14
10328,6
10329,6
10330,2
10331,2
10332,2
10333,5
10334,11
10335,5
10336,9
10337,16
10338,23
10339,15
10340,3
10341,5
10342,1
10343,26
10344,1
10345,3
10346,6
10347,1
10348,38
10349,2
10350,9
10351,10
10352,3
10353,2
10354,36
10355,45
10356,10
10357,28
10358,3
10359,4
10360,19
10361,20
10362,6
10363,6
10364,12
10365,4
10366,8
10367,13
10368,11
10369,18
10370,8
10371,4
10372,5
10373,6
10374,14
10375,3
10376,34
10377,13
10378,2
10379,11
10380,12
10381,11
10382,18
10383,30
10384,4
10385,9
10386,2
10387,8
10388,4
10389,4
10390,15
10391,2
10392,3
10393,13
10394,10
10395,7
10396,8
10397,7
10398,7
10399,3
10400,3
10401,21
10402,9
10403,56
10404,2
10405,2
10406,4
10407,6
10408,3
10409,14
10410,2
10411,27
10412,49
10413,5
10414,35
10415,25
10416,4
10417,14
10418,6
10419,8
10420,44
10421,5
10422,4
10423,7
10424,2
10425,4
10426,14
10427,6
10428,4
10429,4
10430,20
10431,10
10432,4
10433,17
10434,2
10435,2
10436,30
10437,2
10438,2
10439,15
10440,3
10441,20
10442,5
10443,3
10444,44
10445,8
10446,2
10447,1
10448,6
10449,15
10450,2
10451,6
10452,5
10453,11
10454,10
10455,7
10456,21
10457,16
10458,2
10459,4
10460,2
10461,4
10462,27
10463,7
10464,5
10465,6
10466,30
10467,4
10468,7
10469,27
10470,14
10471,26
10472,10
10473,29
10474,40
10475,22
10476,2
10477,14
10478,7
10479,1
10480,5
10481,7
10482,2
10483,24
10484,4
10485,4
10486,17
10487,17
10488,3
10489,14
10490,5
10491,14
10492,10
10493,2
10494,19
10495,31
10496,20
10497,4
10498,25
10499,8
10500,10
10501,9
10502,18
10503,11
10504,12
10505,5
10506,16
10507,15
10508,19
10509,14
10510,2
10511,28
10512,8
10513,5
10514,15
10515,16
10516,14
10517,12
10518,29
10519,26
10520,4
10521,16
10522,18
10523,7
10524,21
10525,18
10526,18
10527,10
10528,22
10529,10
10530,6
10531,10
10532,2
10533,26
10534,10
10535,7
10536,8
10537,2
10538,27
10539,26
10540,4
10541,14
10542,2
10543,4
10544,22
10545,11
10546,8
10547,4
10548,35
10549,15
10550,18
10551,7
10552,20
10553,25
10554,35
10555,2
10556,6
10557,9
10558,2
10559,10
10560,12
10561,4
10562,40
10563,14
10564,6
10565,8
10566,7
10567,4
10568,12
10569,18
10570,18
10571,14
10572,4
10573,42
10574,2
10575,4
10576,27
10577,7
10578,45
10579,9
10580,14
10581,88
10582,11
10583,15
10584,6
10585,20
10586,2
10587,13
10588,3
10589,3
10590,4
10591,2
10592,32
10593,8
10594,8
10595,10
10596,8
10597,33
10598,2
10599,40
10600,4
10601,11
10602,2
10603,20
10604,10
10605,2
10606,20
10607,10
10608,2
10609,14
10610,6
10611,4
10612,4
10613,25
10614,16
10615,13
10616,2
10617,16
10618,12
10619,24
10620,5
10621,18
10622,9
10623,5
10624,2
10625,15
10626,33
10627,5
10628,26
10629,37
10630,4
10631,14
10632,17
10633,46
10634,17
10635,18
10636,17
10637,5
10638,8
10639,11
10640,7
10641,42
10642,4
10643,2
10644,6
10645,2
10646,7
10647,28
10648,27
10649,4
10650,63
10651,2
10652,30
10653,11
10654,2
10655,8
10656,22
10657,34
10658,38
10659,6
10660,2
10661,26
10662,13
10663,10
10664,2
10665,41
10666,16
10667,40
10668,22
10669,4
10670,4
10671,1
10672,2
10673,11
10674,3
10675,3
10676,12
10677,33
10678,37
10679,4
10680,19
10681,12
10682,8
10683,1
10684,2
10685,24
10686,2
10687,10
10688,3
10689,22
10690,17
10691,13
10692,16
10693,7
10694,21
10695,12
10696,3
10697,2
10698,7
10699,12
10700,10
10701,2
10702,18
10703,19
10704,4
10705,59
10706,6
10707,4
10708,3
10709,1
10710,27
10711,10
10712,4
10713,8
10714,1
10715,2
10716,2
10717,30
10718,3
10719,4
10720,1
10721,3
10722,26
10723,4
10724,6
10725,1
10726,2
10727,12
10728,30
10729,1
10730,13
10731,6
10732,37
10733,3
10734,10
10735,7
10736,27
10737,17
10738,5
10739,19
10740,2
10741,15
10742,45
10743,4
10744,12
10745,2
10746,3
10747,8
10748,7
10749,12
10750,3
10751,15
10752,20
10753,31
10754,8
10755,2
10756,12
10757,3
10758,14
10759,11
10760,3
10761,4
10762,7
10763,21
10764,2
10765,11
10766,2
10767,13
10768,2
10769,8
10770,3
10771,2
10772,4
10773,16
10774,4
10775,16
10776,2
10777,5
10778,1
10779,2
10780,15
10781,1
10782,2
10783,0
10784,3
10785,2
10786,4
10787,16
10788,2
10789,6
10790,4
10791,4
10792,12
10793,2
10794,7
10795,10
10796,20
10797,38
10798,4
10799,2
10800,2
10801,1
10802,1
10803,2
10804,3
10805,5
10806,2
10807,9
10808,3
10809,15
10810,1
10811,9
10812,4
10813,24
10814,6
10815,12
10816,3
10817,26
10818,4
10819,11
10820,31
10821,6
10822,25
10823,18
10824,20
10825,8
10826,1
10827,10
10828,2
10829,3
10830,1
10831,2
10832,1
10833,1
10834,1
10835,14
10836,0
10837,17
10838,25
10839,2
10840,2
10841,2
10842,8
10843,2
10844,16
10845,2
10846,7
10847,2
10848,2
10849,2
10850,16
10851,4
10852,4
10853,2
10854,12
10855,2
10856,3
10857,3
10858,3
10859,12
10860,20
10861,4
10862,5
10863,7
10864,2
10865,15
10866,3
10867,14
10868,4
10869,18
10870,8
10871,3
10872,19
10873,7
10874,1
10875,15
10876,2
10877,1
10878,12
10879,34
10880,10
10881,2
10882,2
10883,5
10884,18
10885,15
10886,13
10887,4
10888,2
10889,16
10890,11
10891,28
10892,4
10893,4
10894,6
10895,3
10896,14
10897,2
10898,4
10899,6
10900,17
10901,6
10902,6
10903,5
10904,8
10905,7
10906,2
10907,32
10908,1
10909,2
10910,3
10911,7
10912,1
10913,2
10914,2
10915,3
10916,11
10917,18
10918,10
10919,1
10920,27
10921,1
10922,3
10923,11
10924,4
10925,1
10926,4
10927,4
10928,4
10929,6
10930,7
10931,9
10932,9
10933,10
10934,1
10935,25
10936,8
10937,2
10938,2
10939,4
10940,1
10941,13
10942,2
10943,1
10944,2
10945,6
10946,5
10947,1
10948,2
10949,2
10950,2
10951,44
10952,7
10953,5
10954,3
10955,21
10956,4
10957,2
10958,2
10959,2
10960,4
10961,22
10962,22
10963,10
10964,4
10965,2
10966,4
10967,44
10968,5
10969,7
10970,2
10971,6
10972,9
10973,9
10974,33
10975,5
10976,10
10977,4
10978,8
10979,4
10980,2
10981,2
10982,14
10983,6
10984,15
10985,12
10986,2
10987,2
10988,2
10989,8
10990,2
10991,3
10992,7
10993,8
10994,3
10995,26
10996,9
10997,10
10998,14
10999,22
11000,2
11001,3
11002,1
11003,4
11004,14
11005,10
11006,24
11007,2
11008,2
11009,2
11010,4
11011,29
11012,2
11013,2
11014,31
11015,21
11016,2
11017,8
11018,24
11019,2
11020,5
11021,36
11022,1
11023,7
11024,1
11025,17
11026,10
11027,6
11028,18
11029,8
11030,2
11031,2
11032,2
11033,2
11034,2
11035,16
11036,5
11037,20
11038,2
11039,2
11040,2
11041,16
11042,10
11043,8
11044,34
11045,1
11046,19
11047,2
11048,2
11049,12
11050,12
11051,7
11052,5
11053,2
11054,5
11055,6
11056,2
11057,2
11058,16
11059,2
11060,2
11061,8
11062,4
11063,8
11064,8
11065,1
11066,9
11067,7
11068,14
11069,8
11070,8
11071,11
11072,6
11073,8
11074,4
11075,5
11076,4
11077,10
11078,28
11079,4
11080,2
11081,2
11082,31
11083,21
11084,17
11085,2
11086,16
11087,7
11088,2
11089,2
11090,8
11091,2
11092,15
11093,12
11094,17
11095,2
11096,9
11097,4
11098,4
11099,5
11100,5
11101,4
11102,46
11103,8
11104,2
11105,3
11106,9
11107,12
11108,4
11109,14
11110,17
11111,2
11112,13
11113,11
11114,18
11115,5
11116,2
11117,3
11118,6
11119,36
11120,14
11121,13
11122,6
11123,5
11124,3
11125,54
11126,4
11127,18
11128,14
11129,12
11130,4
11131,6
11132,23
11133,5
11134,26
11135,3
11136,5
11137,7
11138,26
11139,2
11140,2
11141,12
11142,6
11143,9
11144,4
11145,2
11146,18
11147,2
11148,10
11149,17
11150,3
11151,11
11152,20
11153,14
11154,14
11155,3
11156,5
11157,3
11158,16
11159,16
11160,17
11161,18
11162,18
11163,38
11164,3
11165,20
11166,16
11167,11
11168,14
11169,4
11170,5
11171,2
11172,6
11173,2
11174,2
11175,2
11176,6
11177,2
11178,2
11179,8
11180,10
11181,6
11182,1
11183,8
11184,32
11185,4
11186,8
11187,20
11188,2
11189,5
11190,12
11191,2
11192,8
11193,4
11194,24
11195,2
11196,20
11197,4
11198,6
11199,19
11200,22
11201,6
11202,10
11203,12
11204,21
11205,42
11206,5
11207,2
11208,5
11209,14
11210,4
11211,10
11212,20
11213,18
11214,6
11215,4
11216,10
11217,4
11218,5
11219,10
11220,1
11221,4
11222,2
11223,8
11224,2
11225,43
11226,28
11227,2
11228,2
11229,2
11230,2
11231,2
11232,2
11233,16
11234,2
11235,6
11236,4
11237,8
11238,19
11239,7
11240,14
11241,18
11242,12
11243,7
11244,4
11245,4
11246,10
11247,15
11248,12
11249,18
11250,21
11251,6
11252,2
11253,6
11254,2
11255,11
11256,6
11257,8
11258,3
11259,4
11260,6
11261,2
11262,2
11263,6
11264,23
11265,25
11266,6
11267,8
11268,2
11269,18
11270,2
11271,19
11272,18
11273,1
11274,16
11275,11
11276,2
11277,41
11278,4
11279,25
11280,20
11281,6
11282,28
11283,2
11284,30
11285,11
11286,23
11287,21
11288,44
11289,10
11290,55
11291,2
11292,9
11293,2
11294,62
11295,22
11296,6
11297,21
11298,6
11299,2
11300,4
11301,20
11302,24
11303,2
11304,1
11305,4
11306,6
11307,4
11308,6
11309,28
11310,2
11311,36
11312,12
11313,28
11314,27
11315,22
11316,68
11317,11
11318,4
11319,8
11320,20
11321,20
11322,24
11323,16
11324,9
11325,18
11326,6
11327,2
11328,82
11329,1
11330,16
11331,10
11332,15
11333,2
11334,10
11335,4
11336,27
11337,52
11338,5
11339,46
11340,16
11341,6
11342,10
11343,14
11344,3
11345,14
11346,20
11347,6
11348,8
11349,18
11350,11
11351,28
11352,6
11353,2
11354,6
11355,3
11356,29
11357,17
11358,22
11359,23
11360,1
11361,6
11362,17
11363,6
11364,8
11365,14
11366,30
11367,30
11368,2
11369,14
11370,7
11371,4
11372,12
11373,12
11374,20
11375,12
11376,2
11377,10
11378,8
11379,18
11380,8
11381,25
11382,10
11383,32
11384,6
11385,20
11386,20
11387,6
11388,30
11389,12
11390,2
11391,8
11392,8
11393,6
11394,4
11395,10
11396,12
11397,3
11398,4
11399,2
11400,25
11401,2
11402,14
11403,8
11404,14
11405,14
11406,6
11407,50
11408,6
11409,6
11410,15
11411,52
11412,9
11413,12
11414,6
11415,23
11416,24
11417,18
11418,11
11419,38
11420,2
11421,12
11422,34
11423,8
11424,5
11425,12
11426,21
11427,17
11428,18
11429,4
11430,20
11431,16
11432,16
11433,6
11434,8
11435,21
11436,6
11437,4
11438,13
11439,5
11440,14
11441,13
11442,4
11443,13
11444,9
11445,31
11446,10
11447,14
11448,28
11449,2
11450,42
11451,11
11452,36
11453,28
11454,10
11455,14
11456,1
11457,16
11458,18
11459,12
11460,63
11461,28
11462,15
11463,28
11464,3
11465,10
11466,45
11467,2
11468,15
11469,8
11470,31
11471,2
11472,21
11473,8
11474,2
11475,6
11476,10
11477,10
11478,9
11479,4
11480,14
11481,4
11482,11
11483,3
11484,16
11485,8
11486,14
11487,14
11488,6
11489,26
11490,5
11491,34
11492,12
11493,1
11494,11
11495,19
11496,12
11497,28
11498,18
11499,55
11500,48
11501,6
11502,48
11503,2
11504,27
11505,10
11506,38
11507,14
11508,2
11509,12
11510,4
11511,48
11512,4
11513,8
11514,1
11515,22
11516,2
11517,16
11518,4
11519,47
11520,32
11521,2
11522,56
11523,27
11524,4
11525,56
11526,1
11527,8
11528,3
11529,33
11530,4
11531,94
11532,2
11533,48
11534,6
11535,41
11536,44
11537,37
11538,4
11539,14
11540,5
11541,37
11542,17
11543,6
11544,2
11545,7
11546,5
11547,10
11548,8
11549,54
11550,12
11551,12
11552,15
11553,2
11554,40
11555,9
11556,34
11557,14
11558,54
11559,6
11560,11
11561,14
11562,3
11563,9
11564,28
11565,14
11566,10
11567,28
11568,20
11569,6
11570,14
11571,7
11572,4
11573,29
11574,2
11575,40
11576,15
11577,21
11578,8
11579,2
11580,2
11581,11
11582,6
11583,2
11584,16
11585,26
11586,10
11587,50
11588,8
11589,2
11590,40
11591,15
11592,2
11593,10
11594,24
11595,14
11596,2
11597,10
11598,16
11599,8
11600,11
11601,4
11602,4
11603,42
11604,67
11605,18
11606,2
11607,22
11608,44
11609,2
11610,2
11611,20
11612,14
11613,6
11614,2
11615,2
11616,2
11617,18
11618,30
11619,24
11620,23
11621,10
11622,35
11623,46
11624,4
11625,8
11626,2
11627,10
11628,9
11629,3
11630,14
11631,29
11632,13
11633,6
11634,6
11635,19
11636,2
11637,66
11638,14
11639,10
11640,17
11641,6
11642,6
11643,14
11644,28
11645,14
11646,24
11647,6
11648,2
11649,12
11650,4
11651,11
11652,11
11653,18
11654,2
11655,4
11656,8
11657,24
11658,6
11659,5
11660,4
11661,3
11662,58
11663,2
11664,66
11665,32
11666,2
11667,16
11668,16
11669,69
11670,28
11671,29
11672,15
11673,2
11674,27
11675,6
11676,14
11677,32
11678,28
11679,8
11680,8
11681,4
11682,26
11683,18
11684,94
11685,19
11686,38
11687,4
11688,15
11689,44
11690,7
11691,10
11692,22
11693,4
11694,17
11695,14
11696,16
11697,17
11698,5
11699,24
11700,2
11701,10
11702,18
11703,82
11704,8
11705,34
11706,28
11707,6
11708,10
11709,12
11710,2
11711,50
11712,18
11713,2
11714,58
11715,7
11716,10
11717,2
11718,20
11719,22
11720,28
11721,14
11722,61
11723,5
11724,14
11725,4
11726,6
11727,58
11728,2
11729,62
11730,44
11731,32
11732,28
11733,2
11734,31
11735,19
11736,10
11737,24
11738,42
11739,7
11740,73
11741,25
11742,3
11743,10
11744,46
11745,5
11746,10
11747,48
11748,98
11749,2
11750,42
11751,25
11752,2
11753,50
11754,8
11755,24
11756,32
11757,22
11758,8
11759,21
11760,29
11761,18
11762,18
11763,44
11764,6
11765,20
11766,6
11767,11
11768,8
11769,8
11770,6
11771,18
11772,10
11773,34
11774,30
11775,22
11776,15
11777,13
11778,16
11779,12
11780,94
11781,3
11782,15
11783,16
11784,2
11785,6
11786,126
11787,8
11788,8
11789,36
11790,16
11791,27
11792,4
11793,6
11794,7
11795,44
11796,46
11797,87
11798,6
11799,23
11800,8
11801,2
11802,4
11803,3
11804,2
11805,6
11806,9
11807,66
11808,20
11809,58
11810,14
11811,4
11812,4
11813,37
11814,38
11815,34
11816,41
11817,2
11818,30
11819,22
11820,16
11821,24
11822,14
11823,28
11824,4
11825,6
11826,6
11827,28
11828,26
11829,26
11830,38
11831,6
11832,28
11833,9
11834,10
11835,2
11836,34
11837,19
11838,4
11839,2
11840,49
11841,23
11842,35
11843,16
11844,28
11845,20
11846,2
11847,6
11848,2
11849,27
11850,4
11851,6
11852,20
11853,5
11854,24
11855,2
11856,35
11857,50
11858,14
11859,8
11860,7
11861,50
11862,11
11863,12
11864,38
11865,4
11866,11
11867,140
11868,62
11869,6
11870,34
11871,25
11872,6
11873,18
11874,10
11875,4
11876,2
11877,4
11878,2
11879,12
11880,21
11881,10
11882,5
11883,4
11884,10
11885,24
11886,12
11887,2
11888,10
11889,3
11890,46
11891,2
11892,46
11893,5
11894,6
11895,4
11896,62
11897,25
11898,40
11899,10
11900,15
11901,6
11902,4
11903,28
11904,33
11905,5
11906,6
11907,2
11908,44
11909,2
11910,25
11911,20
11912,32
11913,8
11914,69
11915,20
11916,52
11917,20
11918,8
11919,6
11920,5
11921,8
11922,4
11923,4
11924,18
11925,30
11926,12
11927,34
11928,16
11929,26
11930,62
11931,32
11932,10
11933,21
11934,15
11935,13
11936,16
11937,20
11938,27
11939,30
11940,97
11941,3
11942,12
11943,7
11944,12
11945,11
11946,80
11947,12
11948,16
11949,24
11950,44
11951,40
11952,12
11953,2
11954,23
11955,3
11956,10
11957,34
11958,4
11959,34
11960,13
11961,2
11962,23
11963,12
11964,4
11965,11
11966,2
11967,10
11968,12
11969,32
11970,20
11971,2
11972,11
11973,10
11974,18
11975,10
11976,10
11977,4
11978,62
11979,22
11980,74
11981,49
11982,35
11983,54
11984,40
11985,3
11986,26
11987,26
11988,54
11989,2
11990,30
11991,50
11992,3
11993,2
11994,5
11995,6
11996,2
11997,26
11998,8
11999,18
12000,2
12001,96
12002,17
12003,28
12004,72
12005,19
12006,18
12007,50
12008,2
12009,15
12010,2
12011,32
12012,6
12013,30
12014,18
12015,8
12016,5
12017,2
12018,10
12019,46
12020,26
12021,9
12022,51
12023,19
12024,16
12025,36
12026,4
12027,28
12028,52
12029,21
12030,4
12031,4
12032,6
12033,20
12034,28
12035,33
12036,2
12037,30
12038,2
12039,7
12040,26
12041,6
12042,22
12043,2
12044,4
12045,18
12046,29
12047,4
12048,9
12049,46
12050,66
12051,12
12052,8
12053,4
12054,3
12055,59
12056,3
12057,14
12058,50
12059,10
12060,10
12061,8
12062,25
12063,16
12064,32
12065,4
12066,17
12067,18
12068,1
12069,2
12070,24
12071,10
12072,18
12073,2
12074,4
12075,17
12076,10
12077,4
12078,38
12079,1
12080,1
12081,2
12082,6
12083,20
12084,26
12085,32
12086,11
12087,40
12088,1
12089,44
12090,2
12091,5
12092,12
12093,46
12094,31
12095,13
12096,11
12097,54
12098,4
12099,18
12100,12
12101,18
12102,12
12103,2
12104,5
12105,1
12106,8
12107,14
12108,64
12109,28
12110,7
12111,20
12112,10
12113,11
12114,14
12115,8
12116,14
12117,37
12118,38
12119,7
12120,10
12121,3
12122,2
12123,16
12124,34
12125,54
12126,35
12127,5
12128,8
12129,45
12130,10
12131,4
12132,11
12133,14
12134,41
12135,40
12136,7
12137,15
12138,20
12139,28
12140,44
12141,22
12142,16
12143,12
12144,2
12145,45
12146,8
12147,4
12148,13
12149,19
12150,55
12151,9
12152,8
12153,12
12154,12
12155,2
12156,19
12157,7
12158,8
12159,6
12160,64
12161,14
12162,47
12163,10
12164,1
12165,21
12166,38
12167,5
12168,14
12169,18
12170,21
12171,25
12172,22
12173,31
12174,47
12175,28
12176,3
12177,7
12178,33
12179,46
12180,22
12181,35
12182,12
12183,54
12184,11
12185,1
12186,20
12187,47
12188,10
12189,2
12190,3
12191,20
12192,19
12193,58
12194,17
12195,22
12196,4
12197,28
12198,12
12199,1
12200,11
12201,30
12202,16
12203,10
12204,2
12205,3
12206,15
12207,22
12208,8
12209,40
12210,17
12211,32
12212,14
12213,20
12214,12
12215,1
12216,6
12217,6
12218,18
12219,6
12220,16
12221,2
12222,22
12223,14
12224,38
12225,43
12226,8
12227,2
12228,9
12229,5
12230,2
12231,23
12232,33
12233,9
12234,4
12235,20
12236,26
12237,44
12238,102
12239,15
12240,5
12241,30
12242,10
12243,15
12244,66
12245,66
12246,77
12247,2
12248,26
12249,40
12250,5
12251,25
12252,34
12253,10
12254,52
12255,2
12256,3
12257,2
12258,8
12259,4
12260,14
12261,41
12262,12
12263,4
12264,74
12265,22
12266,4
12267,8
12268,8
12269,7
12270,8
12271,44
12272,30
12273,11
12274,44
12275,16
12276,42
12277,13
12278,14
12279,7
12280,28
12281,4
12282,29
12283,18
12284,14
12285,32
12286,56
12287,2
12288,16
12289,20
12290,2
12291,4
12292,90
12293,10
12294,98
12295,19
12296,15
12297,22
12298,60
12299,7
12300,26
12301,79
12302,2
12303,38
12304,24
12305,15
12306,10
12307,41
12308,16
12309,15
12310,48
12311,57
12312,16
12313,5
12314,8
12315,1
12316,8
12317,27
12318,8
12319,2
12320,17
12321,2
12322,9
12323,10
12324,28
12325,36
12326,49
12327,7
12328,4
12329,10
12330,2
12331,26
12332,12
12333,6
12334,3
12335,8
12336,2
12337,24
12338,19
12339,6
12340,23
12341,41
12342,74
12343,26
12344,7
12345,16
12346,12
12347,8
12348,2
12349,19
12350,31
12351,22
12352,110
12353,17
12354,25
12355,5
12356,13
12357,11
12358,19
12359,7
12360,30
12361,27
12362,9
12363,43
12364,16
12365,2
12366,2
12367,52
12368,89
12369,4
12370,23
12371,4
12372,35
12373,26
12374,34
12375,48
12376,49
12377,14
12378,23
12379,38
12380,96
12381,10
12382,91
12383,11
12384,70
12385,23
12386,10
12387,14
12388,13
12389,30
12390,8
12391,11
12392,2
12393,2
12394,44
12395,8
12396,56
12397,20
12398,10
12399,34
12400,72
12401,26
12402,66
12403,140
12404,23
